 -2.4500  0.0000  0.2487
 -2.4488  0.0000  0.2487
 -2.4451  0.0000  0.2487
 -2.4378  0.0000  0.2487
 -2.4255  0.0000  0.2487
 -2.4010  0.0000  0.2487
 -2.3765  0.0000  0.2487
 -2.3275  0.0000  0.2487
 -2.2663  0.0000  0.2487
 -2.2050  0.0000  0.2487
 -2.0825  0.0000  0.2487
 -1.9600  0.0000  0.2487
 -1.8375  0.0000  0.2487
 -1.7150  0.0000  0.2487
 -1.5925  0.0000  0.2487
 -1.4700  0.0000  0.2487
 -1.3475  0.0000  0.2487
 -1.2250  0.0000  0.2487
 -1.1025  0.0000  0.2487
 -0.9800  0.0000  0.2487
 -0.8575  0.0000  0.2487
 -0.7350  0.0000  0.2487
 -0.6125  0.0000  0.2487
 -0.4900  0.0000  0.2487
 -0.3675  0.0000  0.2487
 -0.2450  0.0000  0.2487
 -0.1225  0.0000  0.2487
  0.0000  0.0000  0.2487
  0.1225  0.0000  0.2487
  0.2450  0.0000  0.2487
  0.3675  0.0000  0.2487
  0.4900  0.0000  0.2487
  0.6125  0.0000  0.2487
  0.7350  0.0000  0.2487
  0.8575  0.0000  0.2487
  0.9800  0.0000  0.2487
  1.1025  0.0000  0.2487
  1.2250  0.0000  0.2487
  1.3475  0.0000  0.2487
  1.4700  0.0000  0.2487
  1.5925  0.0000  0.2487
  1.7150  0.0000  0.2487
  1.8375  0.0000  0.2487
  1.9600  0.0000  0.2487
  2.0825  0.0000  0.2487
  2.2050  0.0000  0.2487
  2.2663  0.0000  0.2487
  2.3275  0.0000  0.2487
  2.3765  0.0000  0.2487
  2.4010  0.0000  0.2487
  2.4255  0.0000  0.2487
  2.4378  0.0000  0.2487
  2.4451  0.0000  0.2487
  2.4488  0.0000  0.2487
  2.4500  0.0000  0.2487
