 -2.4500  0.0000  0.2487
 -2.4488  0.0000  0.2487
 -2.4451  0.0000  0.2487
 -2.4378  0.0000  0.2487
 -2.4255  0.0000  0.2487
 -2.4010  0.0000  0.2489
 -2.3765  0.0000  0.2491
 -2.3275  0.0000  0.2498
 -2.2663  0.0000  0.2512
 -2.2050  0.0000  0.2530
 -2.0825  0.0000  0.2581
 -1.9600  0.0000  0.2648
 -1.8375  0.0000  0.2728
 -1.7150  0.0000  0.2821
 -1.5925  0.0000  0.2922
 -1.4700  0.0000  0.3031
 -1.3475  0.0000  0.3144
 -1.2250  0.0000  0.3260
 -1.1025  0.0000  0.3375
 -0.9800  0.0000  0.3488
 -0.8575  0.0000  0.3597
 -0.7350  0.0000  0.3699
 -0.6125  0.0000  0.3791
 -0.4900  0.0000  0.3872
 -0.3675  0.0000  0.3938
 -0.2450  0.0000  0.3989
 -0.1225  0.0000  0.4021
  0.0000  0.0000  0.4032
  0.1225  0.0000  0.4021
  0.2450  0.0000  0.3989
  0.3675  0.0000  0.3938
  0.4900  0.0000  0.3872
  0.6125  0.0000  0.3791
  0.7350  0.0000  0.3699
  0.8575  0.0000  0.3597
  0.9800  0.0000  0.3488
  1.1025  0.0000  0.3375
  1.2250  0.0000  0.3260
  1.3475  0.0000  0.3144
  1.4700  0.0000  0.3031
  1.5925  0.0000  0.2922
  1.7150  0.0000  0.2821
  1.8375  0.0000  0.2728
  1.9600  0.0000  0.2648
  2.0825  0.0000  0.2581
  2.2050  0.0000  0.2530
  2.2663  0.0000  0.2512
  2.3275  0.0000  0.2498
  2.3765  0.0000  0.2491
  2.4010  0.0000  0.2489
  2.4255  0.0000  0.2487
  2.4378  0.0000  0.2487
  2.4451  0.0000  0.2487
  2.4488  0.0000  0.2487
  2.4500  0.0000  0.2487
