 -2.4500  0.0000  0.2487
 -2.4488  0.0000  0.2487
 -2.4451  0.0000  0.2487
 -2.4378  0.0000  0.2487
 -2.4255  0.0000  0.2488
 -2.4010  0.0000  0.2491
 -2.3765  0.0000  0.2495
 -2.3275  0.0000  0.2509
 -2.2663  0.0000  0.2537
 -2.2050  0.0000  0.2574
 -2.0825  0.0000  0.2675
 -1.9600  0.0000  0.2808
 -1.8375  0.0000  0.2970
 -1.7150  0.0000  0.3155
 -1.5925  0.0000  0.3358
 -1.4700  0.0000  0.3575
 -1.3475  0.0000  0.3801
 -1.2250  0.0000  0.4032
 -1.1025  0.0000  0.4263
 -0.9800  0.0000  0.4490
 -0.8575  0.0000  0.4707
 -0.7350  0.0000  0.4910
 -0.6125  0.0000  0.5095
 -0.4900  0.0000  0.5256
 -0.3675  0.0000  0.5390
 -0.2450  0.0000  0.5491
 -0.1225  0.0000  0.5555
  0.0000  0.0000  0.5578
  0.1225  0.0000  0.5555
  0.2450  0.0000  0.5491
  0.3675  0.0000  0.5390
  0.4900  0.0000  0.5256
  0.6125  0.0000  0.5095
  0.7350  0.0000  0.4910
  0.8575  0.0000  0.4707
  0.9800  0.0000  0.4490
  1.1025  0.0000  0.4263
  1.2250  0.0000  0.4032
  1.3475  0.0000  0.3801
  1.4700  0.0000  0.3575
  1.5925  0.0000  0.3358
  1.7150  0.0000  0.3155
  1.8375  0.0000  0.2970
  1.9600  0.0000  0.2808
  2.0825  0.0000  0.2675
  2.2050  0.0000  0.2574
  2.2663  0.0000  0.2537
  2.3275  0.0000  0.2509
  2.3765  0.0000  0.2495
  2.4010  0.0000  0.2491
  2.4255  0.0000  0.2488
  2.4378  0.0000  0.2487
  2.4451  0.0000  0.2487
  2.4488  0.0000  0.2487
  2.4500  0.0000  0.2487
