 -2.4500  0.0000  0.2487
 -2.4488  0.0000  0.2487
 -2.4451  0.0000  0.2487
 -2.4378  0.0000  0.2487
 -2.4255  0.0000  0.2488
 -2.4010  0.0000  0.2492
 -2.3765  0.0000  0.2497
 -2.3275  0.0000  0.2515
 -2.2663  0.0000  0.2549
 -2.2050  0.0000  0.2595
 -2.0825  0.0000  0.2722
 -1.9600  0.0000  0.2889
 -1.8375  0.0000  0.3091
 -1.7150  0.0000  0.3321
 -1.5925  0.0000  0.3575
 -1.4700  0.0000  0.3847
 -1.3475  0.0000  0.4130
 -1.2250  0.0000  0.4419
 -1.1025  0.0000  0.4707
 -0.9800  0.0000  0.4990
 -0.8575  0.0000  0.5262
 -0.7350  0.0000  0.5516
 -0.6125  0.0000  0.5747
 -0.4900  0.0000  0.5949
 -0.3675  0.0000  0.6116
 -0.2450  0.0000  0.6242
 -0.1225  0.0000  0.6322
  0.0000  0.0000  0.6350
  0.1225  0.0000  0.6322
  0.2450  0.0000  0.6242
  0.3675  0.0000  0.6116
  0.4900  0.0000  0.5949
  0.6125  0.0000  0.5747
  0.7350  0.0000  0.5516
  0.8575  0.0000  0.5262
  0.9800  0.0000  0.4990
  1.1025  0.0000  0.4707
  1.2250  0.0000  0.4419
  1.3475  0.0000  0.4130
  1.4700  0.0000  0.3847
  1.5925  0.0000  0.3575
  1.7150  0.0000  0.3321
  1.8375  0.0000  0.3091
  1.9600  0.0000  0.2889
  2.0825  0.0000  0.2722
  2.2050  0.0000  0.2595
  2.2663  0.0000  0.2549
  2.3275  0.0000  0.2515
  2.3765  0.0000  0.2497
  2.4010  0.0000  0.2492
  2.4255  0.0000  0.2488
  2.4378  0.0000  0.2487
  2.4451  0.0000  0.2487
  2.4488  0.0000  0.2487
  2.4500  0.0000  0.2487
