 -2.4500 -0.0000  0.2487
 -2.4488 -0.0000  0.2487
 -2.4451 -0.0000  0.2487
 -2.4378 -0.0001  0.2486
 -2.4255 -0.0002  0.2485
 -2.4010 -0.0009  0.2478
 -2.3765 -0.0021  0.2466
 -2.3275 -0.0058  0.2429
 -2.2663 -0.0128  0.2359
 -2.2050 -0.0224  0.2263
 -2.0825 -0.0486  0.2001
 -1.9600 -0.0832  0.1655
 -1.8375 -0.1250  0.1237
 -1.7150 -0.1728  0.0759
 -1.5925 -0.2254  0.0233
 -1.4700 -0.2816 -0.0329
 -1.3475 -0.3402 -0.0915
 -1.2250 -0.4000 -0.1513
 -1.1025 -0.4598 -0.2111
 -0.9800 -0.5184 -0.2697
 -0.8575 -0.5746 -0.3259
 -0.7350 -0.6272 -0.3785
 -0.6125 -0.6750 -0.4263
 -0.4900 -0.7168 -0.4681
 -0.3675 -0.7514 -0.5027
 -0.2450 -0.7776 -0.5289
 -0.1225 -0.7942 -0.5455
  0.0000 -0.8000 -0.5513
  0.1225 -0.7942 -0.5455
  0.2450 -0.7776 -0.5289
  0.3675 -0.7514 -0.5027
  0.4900 -0.7168 -0.4681
  0.6125 -0.6750 -0.4263
  0.7350 -0.6272 -0.3785
  0.8575 -0.5746 -0.3259
  0.9800 -0.5184 -0.2697
  1.1025 -0.4598 -0.2111
  1.2250 -0.4000 -0.1513
  1.3475 -0.3402 -0.0915
  1.4700 -0.2816 -0.0329
  1.5925 -0.2254  0.0233
  1.7150 -0.1728  0.0759
  1.8375 -0.1250  0.1237
  1.9600 -0.0832  0.1655
  2.0825 -0.0486  0.2001
  2.2050 -0.0224  0.2263
  2.2663 -0.0128  0.2359
  2.3275 -0.0058  0.2429
  2.3765 -0.0021  0.2466
  2.4010 -0.0009  0.2478
  2.4255 -0.0002  0.2485
  2.4378 -0.0001  0.2486
  2.4451 -0.0000  0.2487
  2.4488 -0.0000  0.2487
  2.4500 -0.0000  0.2487
