 -2.4500 -0.0000  0.2487
 -2.4488 -0.0000  0.2487
 -2.4451 -0.0000  0.2487
 -2.4378 -0.0001  0.2487
 -2.4255 -0.0002  0.2485
 -2.4010 -0.0009  0.2479
 -2.3765 -0.0021  0.2470
 -2.3275 -0.0058  0.2440
 -2.2663 -0.0128  0.2384
 -2.2050 -0.0224  0.2306
 -2.0825 -0.0486  0.2095
 -1.9600 -0.0832  0.1816
 -1.8375 -0.1250  0.1478
 -1.7150 -0.1728  0.1093
 -1.5925 -0.2254  0.0668
 -1.4700 -0.2816  0.0215
 -1.3475 -0.3402 -0.0258
 -1.2250 -0.4000 -0.0740
 -1.1025 -0.4598 -0.1223
 -0.9800 -0.5184 -0.1696
 -0.8575 -0.5746 -0.2149
 -0.7350 -0.6272 -0.2573
 -0.6125 -0.6750 -0.2959
 -0.4900 -0.7168 -0.3296
 -0.3675 -0.7514 -0.3576
 -0.2450 -0.7776 -0.3787
 -0.1225 -0.7942 -0.3921
  0.0000 -0.8000 -0.3968
  0.1225 -0.7942 -0.3921
  0.2450 -0.7776 -0.3787
  0.3675 -0.7514 -0.3576
  0.4900 -0.7168 -0.3296
  0.6125 -0.6750 -0.2959
  0.7350 -0.6272 -0.2573
  0.8575 -0.5746 -0.2149
  0.9800 -0.5184 -0.1696
  1.1025 -0.4598 -0.1223
  1.2250 -0.4000 -0.0740
  1.3475 -0.3402 -0.0258
  1.4700 -0.2816  0.0215
  1.5925 -0.2254  0.0668
  1.7150 -0.1728  0.1093
  1.8375 -0.1250  0.1478
  1.9600 -0.0832  0.1816
  2.0825 -0.0486  0.2095
  2.2050 -0.0224  0.2306
  2.2663 -0.0128  0.2384
  2.3275 -0.0058  0.2440
  2.3765 -0.0021  0.2470
  2.4010 -0.0009  0.2479
  2.4255 -0.0002  0.2485
  2.4378 -0.0001  0.2487
  2.4451 -0.0000  0.2487
  2.4488 -0.0000  0.2487
  2.4500 -0.0000  0.2487
