 -2.4500 -0.0000  0.2487
 -2.4488 -0.0000  0.2487
 -2.4451 -0.0000  0.2487
 -2.4378 -0.0001  0.2487
 -2.4255 -0.0002  0.2485
 -2.4010 -0.0009  0.2480
 -2.3765 -0.0021  0.2472
 -2.3275 -0.0058  0.2446
 -2.2663 -0.0128  0.2396
 -2.2050 -0.0224  0.2328
 -2.0825 -0.0486  0.2142
 -1.9600 -0.0832  0.1896
 -1.8375 -0.1250  0.1599
 -1.7150 -0.1728  0.1260
 -1.5925 -0.2254  0.0886
 -1.4700 -0.2816  0.0487
 -1.3475 -0.3402  0.0071
 -1.2250 -0.4000 -0.0354
 -1.1025 -0.4598 -0.0779
 -0.9800 -0.5184 -0.1195
 -0.8575 -0.5746 -0.1594
 -0.7350 -0.6272 -0.1968
 -0.6125 -0.6750 -0.2307
 -0.4900 -0.7168 -0.2604
 -0.3675 -0.7514 -0.2850
 -0.2450 -0.7776 -0.3036
 -0.1225 -0.7942 -0.3154
  0.0000 -0.8000 -0.3195
  0.1225 -0.7942 -0.3154
  0.2450 -0.7776 -0.3036
  0.3675 -0.7514 -0.2850
  0.4900 -0.7168 -0.2604
  0.6125 -0.6750 -0.2307
  0.7350 -0.6272 -0.1968
  0.8575 -0.5746 -0.1594
  0.9800 -0.5184 -0.1195
  1.1025 -0.4598 -0.0779
  1.2250 -0.4000 -0.0354
  1.3475 -0.3402  0.0071
  1.4700 -0.2816  0.0487
  1.5925 -0.2254  0.0886
  1.7150 -0.1728  0.1260
  1.8375 -0.1250  0.1599
  1.9600 -0.0832  0.1896
  2.0825 -0.0486  0.2142
  2.2050 -0.0224  0.2328
  2.2663 -0.0128  0.2396
  2.3275 -0.0058  0.2446
  2.3765 -0.0021  0.2472
  2.4010 -0.0009  0.2480
  2.4255 -0.0002  0.2485
  2.4378 -0.0001  0.2487
  2.4451 -0.0000  0.2487
  2.4488 -0.0000  0.2487
  2.4500 -0.0000  0.2487
