 -2.4500 -0.0000  0.2487
 -2.4488 -0.0000  0.2487
 -2.4451 -0.0000  0.2487
 -2.4378 -0.0001  0.2487
 -2.4255 -0.0002  0.2486
 -2.4010 -0.0009  0.2481
 -2.3765 -0.0021  0.2474
 -2.3275 -0.0058  0.2451
 -2.2663 -0.0128  0.2408
 -2.2050 -0.0224  0.2350
 -2.0825 -0.0486  0.2189
 -1.9600 -0.0832  0.1976
 -1.8375 -0.1250  0.1720
 -1.7150 -0.1728  0.1427
 -1.5925 -0.2254  0.1104
 -1.4700 -0.2816  0.0759
 -1.3475 -0.3402  0.0399
 -1.2250 -0.4000  0.0032
 -1.1025 -0.4598 -0.0335
 -0.9800 -0.5184 -0.0694
 -0.8575 -0.5746 -0.1039
 -0.7350 -0.6272 -0.1362
 -0.6125 -0.6750 -0.1655
 -0.4900 -0.7168 -0.1912
 -0.3675 -0.7514 -0.2124
 -0.2450 -0.7776 -0.2285
 -0.1225 -0.7942 -0.2387
  0.0000 -0.8000 -0.2422
  0.1225 -0.7942 -0.2387
  0.2450 -0.7776 -0.2285
  0.3675 -0.7514 -0.2124
  0.4900 -0.7168 -0.1912
  0.6125 -0.6750 -0.1655
  0.7350 -0.6272 -0.1362
  0.8575 -0.5746 -0.1039
  0.9800 -0.5184 -0.0694
  1.1025 -0.4598 -0.0335
  1.2250 -0.4000  0.0032
  1.3475 -0.3402  0.0399
  1.4700 -0.2816  0.0759
  1.5925 -0.2254  0.1104
  1.7150 -0.1728  0.1427
  1.8375 -0.1250  0.1720
  1.9600 -0.0832  0.1976
  2.0825 -0.0486  0.2189
  2.2050 -0.0224  0.2350
  2.2663 -0.0128  0.2408
  2.3275 -0.0058  0.2451
  2.3765 -0.0021  0.2474
  2.4010 -0.0009  0.2481
  2.4255 -0.0002  0.2486
  2.4378 -0.0001  0.2487
  2.4451 -0.0000  0.2487
  2.4488 -0.0000  0.2487
  2.4500 -0.0000  0.2487
