 -2.4500 -0.0000  0.2487
 -2.4488 -0.0000  0.2487
 -2.4451 -0.0000  0.2487
 -2.4378 -0.0001  0.2487
 -2.4255 -0.0002  0.2486
 -2.4010 -0.0009  0.2482
 -2.3765 -0.0021  0.2476
 -2.3275 -0.0058  0.2457
 -2.2663 -0.0128  0.2421
 -2.2050 -0.0224  0.2371
 -2.0825 -0.0486  0.2236
 -1.9600 -0.0832  0.2057
 -1.8375 -0.1250  0.1841
 -1.7150 -0.1728  0.1593
 -1.5925 -0.2254  0.1321
 -1.4700 -0.2816  0.1031
 -1.3475 -0.3402  0.0728
 -1.2250 -0.4000  0.0419
 -1.1025 -0.4598  0.0109
 -0.9800 -0.5184 -0.0194
 -0.8575 -0.5746 -0.0484
 -0.7350 -0.6272 -0.0756
 -0.6125 -0.6750 -0.1003
 -0.4900 -0.7168 -0.1219
 -0.3675 -0.7514 -0.1398
 -0.2450 -0.7776 -0.1534
 -0.1225 -0.7942 -0.1620
  0.0000 -0.8000 -0.1650
  0.1225 -0.7942 -0.1620
  0.2450 -0.7776 -0.1534
  0.3675 -0.7514 -0.1398
  0.4900 -0.7168 -0.1219
  0.6125 -0.6750 -0.1003
  0.7350 -0.6272 -0.0756
  0.8575 -0.5746 -0.0484
  0.9800 -0.5184 -0.0194
  1.1025 -0.4598  0.0109
  1.2250 -0.4000  0.0419
  1.3475 -0.3402  0.0728
  1.4700 -0.2816  0.1031
  1.5925 -0.2254  0.1321
  1.7150 -0.1728  0.1593
  1.8375 -0.1250  0.1841
  1.9600 -0.0832  0.2057
  2.0825 -0.0486  0.2236
  2.2050 -0.0224  0.2371
  2.2663 -0.0128  0.2421
  2.3275 -0.0058  0.2457
  2.3765 -0.0021  0.2476
  2.4010 -0.0009  0.2482
  2.4255 -0.0002  0.2486
  2.4378 -0.0001  0.2487
  2.4451 -0.0000  0.2487
  2.4488 -0.0000  0.2487
  2.4500 -0.0000  0.2487
