 -2.4500 -0.0000  0.2487
 -2.4488 -0.0000  0.2487
 -2.4451 -0.0000  0.2487
 -2.4378 -0.0001  0.2487
 -2.4255 -0.0002  0.2486
 -2.4010 -0.0009  0.2483
 -2.3765 -0.0021  0.2478
 -2.3275 -0.0058  0.2463
 -2.2663 -0.0128  0.2433
 -2.2050 -0.0224  0.2393
 -2.0825 -0.0486  0.2283
 -1.9600 -0.0832  0.2137
 -1.8375 -0.1250  0.1961
 -1.7150 -0.1728  0.1760
 -1.5925 -0.2254  0.1539
 -1.4700 -0.2816  0.1303
 -1.3475 -0.3402  0.1056
 -1.2250 -0.4000  0.0805
 -1.1025 -0.4598  0.0554
 -0.9800 -0.5184  0.0307
 -0.8575 -0.5746  0.0071
 -0.7350 -0.6272 -0.0150
 -0.6125 -0.6750 -0.0351
 -0.4900 -0.7168 -0.0527
 -0.3675 -0.7514 -0.0673
 -0.2450 -0.7776 -0.0783
 -0.1225 -0.7942 -0.0853
  0.0000 -0.8000 -0.0877
  0.1225 -0.7942 -0.0853
  0.2450 -0.7776 -0.0783
  0.3675 -0.7514 -0.0673
  0.4900 -0.7168 -0.0527
  0.6125 -0.6750 -0.0351
  0.7350 -0.6272 -0.0150
  0.8575 -0.5746  0.0071
  0.9800 -0.5184  0.0307
  1.1025 -0.4598  0.0554
  1.2250 -0.4000  0.0805
  1.3475 -0.3402  0.1056
  1.4700 -0.2816  0.1303
  1.5925 -0.2254  0.1539
  1.7150 -0.1728  0.1760
  1.8375 -0.1250  0.1961
  1.9600 -0.0832  0.2137
  2.0825 -0.0486  0.2283
  2.2050 -0.0224  0.2393
  2.2663 -0.0128  0.2433
  2.3275 -0.0058  0.2463
  2.3765 -0.0021  0.2478
  2.4010 -0.0009  0.2483
  2.4255 -0.0002  0.2486
  2.4378 -0.0001  0.2487
  2.4451 -0.0000  0.2487
  2.4488 -0.0000  0.2487
  2.4500 -0.0000  0.2487
