 -2.4500 -0.0000  0.2487
 -2.4488 -0.0000  0.2487
 -2.4451 -0.0000  0.2487
 -2.4378 -0.0001  0.2486
 -2.4255 -0.0003  0.2484
 -2.4010 -0.0012  0.2475
 -2.3765 -0.0026  0.2461
 -2.3275 -0.0073  0.2414
 -2.2663 -0.0160  0.2327
 -2.2050 -0.0280  0.2207
 -2.0825 -0.0608  0.1879
 -1.9600 -0.1040  0.1447
 -1.8375 -0.1563  0.0924
 -1.7150 -0.2160  0.0327
 -1.5925 -0.2818 -0.0331
 -1.4700 -0.3520 -0.1033
 -1.3475 -0.4253 -0.1766
 -1.2250 -0.5000 -0.2513
 -1.1025 -0.5748 -0.3261
 -0.9800 -0.6480 -0.3993
 -0.8575 -0.7183 -0.4696
 -0.7350 -0.7840 -0.5353
 -0.6125 -0.8438 -0.5951
 -0.4900 -0.8960 -0.6473
 -0.3675 -0.9393 -0.6906
 -0.2450 -0.9720 -0.7233
 -0.1225 -0.9928 -0.7440
  0.0000 -1.0000 -0.7513
  0.1225 -0.9928 -0.7440
  0.2450 -0.9720 -0.7233
  0.3675 -0.9393 -0.6906
  0.4900 -0.8960 -0.6473
  0.6125 -0.8438 -0.5951
  0.7350 -0.7840 -0.5353
  0.8575 -0.7183 -0.4696
  0.9800 -0.6480 -0.3993
  1.1025 -0.5748 -0.3261
  1.2250 -0.5000 -0.2513
  1.3475 -0.4253 -0.1766
  1.4700 -0.3520 -0.1033
  1.5925 -0.2818 -0.0331
  1.7150 -0.2160  0.0327
  1.8375 -0.1563  0.0924
  1.9600 -0.1040  0.1447
  2.0825 -0.0608  0.1879
  2.2050 -0.0280  0.2207
  2.2663 -0.0160  0.2327
  2.3275 -0.0073  0.2414
  2.3765 -0.0026  0.2461
  2.4010 -0.0012  0.2475
  2.4255 -0.0003  0.2484
  2.4378 -0.0001  0.2486
  2.4451 -0.0000  0.2487
  2.4488 -0.0000  0.2487
  2.4500 -0.0000  0.2487
