 -2.4500 -0.0000  0.2487
 -2.4488 -0.0000  0.2487
 -2.4451 -0.0000  0.2487
 -2.4378 -0.0001  0.2486
 -2.4255 -0.0003  0.2484
 -2.4010 -0.0012  0.2477
 -2.3765 -0.0026  0.2465
 -2.3275 -0.0073  0.2426
 -2.2663 -0.0160  0.2351
 -2.2050 -0.0280  0.2250
 -2.0825 -0.0608  0.1973
 -1.9600 -0.1040  0.1608
 -1.8375 -0.1563  0.1166
 -1.7150 -0.2160  0.0661
 -1.5925 -0.2818  0.0105
 -1.4700 -0.3520 -0.0489
 -1.3475 -0.4253 -0.1108
 -1.2250 -0.5000 -0.1740
 -1.1025 -0.5748 -0.2372
 -0.9800 -0.6480 -0.2992
 -0.8575 -0.7183 -0.3586
 -0.7350 -0.7840 -0.4141
 -0.6125 -0.8438 -0.4647
 -0.4900 -0.8960 -0.5088
 -0.3675 -0.9393 -0.5454
 -0.2450 -0.9720 -0.5731
 -0.1225 -0.9928 -0.5906
  0.0000 -1.0000 -0.5968
  0.1225 -0.9928 -0.5906
  0.2450 -0.9720 -0.5731
  0.3675 -0.9393 -0.5454
  0.4900 -0.8960 -0.5088
  0.6125 -0.8438 -0.4647
  0.7350 -0.7840 -0.4141
  0.8575 -0.7183 -0.3586
  0.9800 -0.6480 -0.2992
  1.1025 -0.5748 -0.2372
  1.2250 -0.5000 -0.1740
  1.3475 -0.4253 -0.1108
  1.4700 -0.3520 -0.0489
  1.5925 -0.2818  0.0105
  1.7150 -0.2160  0.0661
  1.8375 -0.1563  0.1166
  1.9600 -0.1040  0.1608
  2.0825 -0.0608  0.1973
  2.2050 -0.0280  0.2250
  2.2663 -0.0160  0.2351
  2.3275 -0.0073  0.2426
  2.3765 -0.0026  0.2465
  2.4010 -0.0012  0.2477
  2.4255 -0.0003  0.2484
  2.4378 -0.0001  0.2486
  2.4451 -0.0000  0.2487
  2.4488 -0.0000  0.2487
  2.4500 -0.0000  0.2487
