 -2.4500 -0.0000  0.2487
 -2.4488 -0.0000  0.2487
 -2.4451 -0.0000  0.2487
 -2.4378 -0.0001  0.2486
 -2.4255 -0.0003  0.2485
 -2.4010 -0.0012  0.2478
 -2.3765 -0.0026  0.2467
 -2.3275 -0.0073  0.2431
 -2.2663 -0.0160  0.2364
 -2.2050 -0.0280  0.2272
 -2.0825 -0.0608  0.2020
 -1.9600 -0.1040  0.1688
 -1.8375 -0.1563  0.1287
 -1.7150 -0.2160  0.0828
 -1.5925 -0.2818  0.0323
 -1.4700 -0.3520 -0.0217
 -1.3475 -0.4253 -0.0780
 -1.2250 -0.5000 -0.1354
 -1.1025 -0.5748 -0.1928
 -0.9800 -0.6480 -0.2491
 -0.8575 -0.7183 -0.3031
 -0.7350 -0.7840 -0.3536
 -0.6125 -0.8438 -0.3995
 -0.4900 -0.8960 -0.4396
 -0.3675 -0.9393 -0.4728
 -0.2450 -0.9720 -0.4980
 -0.1225 -0.9928 -0.5139
  0.0000 -1.0000 -0.5195
  0.1225 -0.9928 -0.5139
  0.2450 -0.9720 -0.4980
  0.3675 -0.9393 -0.4728
  0.4900 -0.8960 -0.4396
  0.6125 -0.8438 -0.3995
  0.7350 -0.7840 -0.3536
  0.8575 -0.7183 -0.3031
  0.9800 -0.6480 -0.2491
  1.1025 -0.5748 -0.1928
  1.2250 -0.5000 -0.1354
  1.3475 -0.4253 -0.0780
  1.4700 -0.3520 -0.0217
  1.5925 -0.2818  0.0323
  1.7150 -0.2160  0.0828
  1.8375 -0.1563  0.1287
  1.9600 -0.1040  0.1688
  2.0825 -0.0608  0.2020
  2.2050 -0.0280  0.2272
  2.2663 -0.0160  0.2364
  2.3275 -0.0073  0.2431
  2.3765 -0.0026  0.2467
  2.4010 -0.0012  0.2478
  2.4255 -0.0003  0.2485
  2.4378 -0.0001  0.2486
  2.4451 -0.0000  0.2487
  2.4488 -0.0000  0.2487
  2.4500 -0.0000  0.2487
