 -2.4500 -0.0000  0.2487
 -2.4488 -0.0000  0.2487
 -2.4451 -0.0000  0.2487
 -2.4378 -0.0001  0.2486
 -2.4255 -0.0003  0.2485
 -2.4010 -0.0012  0.2479
 -2.3765 -0.0026  0.2469
 -2.3275 -0.0073  0.2437
 -2.2663 -0.0160  0.2376
 -2.2050 -0.0280  0.2294
 -2.0825 -0.0608  0.2067
 -1.9600 -0.1040  0.1768
 -1.8375 -0.1563  0.1407
 -1.7150 -0.2160  0.0995
 -1.5925 -0.2818  0.0540
 -1.4700 -0.3520  0.0055
 -1.3475 -0.4253 -0.0451
 -1.2250 -0.5000 -0.0968
 -1.1025 -0.5748 -0.1484
 -0.9800 -0.6480 -0.1990
 -0.8575 -0.7183 -0.2476
 -0.7350 -0.7840 -0.2930
 -0.6125 -0.8438 -0.3343
 -0.4900 -0.8960 -0.3704
 -0.3675 -0.9393 -0.4003
 -0.2450 -0.9720 -0.4229
 -0.1225 -0.9928 -0.4372
  0.0000 -1.0000 -0.4422
  0.1225 -0.9928 -0.4372
  0.2450 -0.9720 -0.4229
  0.3675 -0.9393 -0.4003
  0.4900 -0.8960 -0.3704
  0.6125 -0.8438 -0.3343
  0.7350 -0.7840 -0.2930
  0.8575 -0.7183 -0.2476
  0.9800 -0.6480 -0.1990
  1.1025 -0.5748 -0.1484
  1.2250 -0.5000 -0.0968
  1.3475 -0.4253 -0.0451
  1.4700 -0.3520  0.0055
  1.5925 -0.2818  0.0540
  1.7150 -0.2160  0.0995
  1.8375 -0.1563  0.1407
  1.9600 -0.1040  0.1768
  2.0825 -0.0608  0.2067
  2.2050 -0.0280  0.2294
  2.2663 -0.0160  0.2376
  2.3275 -0.0073  0.2437
  2.3765 -0.0026  0.2469
  2.4010 -0.0012  0.2479
  2.4255 -0.0003  0.2485
  2.4378 -0.0001  0.2486
  2.4451 -0.0000  0.2487
  2.4488 -0.0000  0.2487
  2.4500 -0.0000  0.2487
