 -2.4500 -0.0000  0.2487
 -2.4488 -0.0000  0.2487
 -2.4451 -0.0000  0.2487
 -2.4378 -0.0001  0.2487
 -2.4255 -0.0003  0.2485
 -2.4010 -0.0012  0.2480
 -2.3765 -0.0026  0.2471
 -2.3275 -0.0073  0.2443
 -2.2663 -0.0160  0.2389
 -2.2050 -0.0280  0.2315
 -2.0825 -0.0608  0.2114
 -1.9600 -0.1040  0.1849
 -1.8375 -0.1563  0.1528
 -1.7150 -0.2160  0.1161
 -1.5925 -0.2818  0.0758
 -1.4700 -0.3520  0.0327
 -1.3475 -0.4253 -0.0123
 -1.2250 -0.5000 -0.0581
 -1.1025 -0.5748 -0.1040
 -0.9800 -0.6480 -0.1490
 -0.8575 -0.7183 -0.1921
 -0.7350 -0.7840 -0.2324
 -0.6125 -0.8438 -0.2691
 -0.4900 -0.8960 -0.3011
 -0.3675 -0.9393 -0.3277
 -0.2450 -0.9720 -0.3478
 -0.1225 -0.9928 -0.3605
  0.0000 -1.0000 -0.3650
  0.1225 -0.9928 -0.3605
  0.2450 -0.9720 -0.3478
  0.3675 -0.9393 -0.3277
  0.4900 -0.8960 -0.3011
  0.6125 -0.8438 -0.2691
  0.7350 -0.7840 -0.2324
  0.8575 -0.7183 -0.1921
  0.9800 -0.6480 -0.1490
  1.1025 -0.5748 -0.1040
  1.2250 -0.5000 -0.0581
  1.3475 -0.4253 -0.0123
  1.4700 -0.3520  0.0327
  1.5925 -0.2818  0.0758
  1.7150 -0.2160  0.1161
  1.8375 -0.1563  0.1528
  1.9600 -0.1040  0.1849
  2.0825 -0.0608  0.2114
  2.2050 -0.0280  0.2315
  2.2663 -0.0160  0.2389
  2.3275 -0.0073  0.2443
  2.3765 -0.0026  0.2471
  2.4010 -0.0012  0.2480
  2.4255 -0.0003  0.2485
  2.4378 -0.0001  0.2487
  2.4451 -0.0000  0.2487
  2.4488 -0.0000  0.2487
  2.4500 -0.0000  0.2487
