 -2.4500 -0.0000  0.2487
 -2.4488 -0.0000  0.2487
 -2.4451 -0.0000  0.2487
 -2.4378 -0.0001  0.2487
 -2.4255 -0.0003  0.2485
 -2.4010 -0.0012  0.2481
 -2.3765 -0.0026  0.2473
 -2.3275 -0.0073  0.2448
 -2.2663 -0.0160  0.2401
 -2.2050 -0.0280  0.2337
 -2.0825 -0.0608  0.2161
 -1.9600 -0.1040  0.1929
 -1.8375 -0.1563  0.1649
 -1.7150 -0.2160  0.1328
 -1.5925 -0.2818  0.0976
 -1.4700 -0.3520  0.0599
 -1.3475 -0.4253  0.0206
 -1.2250 -0.5000 -0.0195
 -1.1025 -0.5748 -0.0596
 -0.9800 -0.6480 -0.0989
 -0.8575 -0.7183 -0.1366
 -0.7350 -0.7840 -0.1718
 -0.6125 -0.8438 -0.2039
 -0.4900 -0.8960 -0.2319
 -0.3675 -0.9393 -0.2551
 -0.2450 -0.9720 -0.2727
 -0.1225 -0.9928 -0.2838
  0.0000 -1.0000 -0.2877
  0.1225 -0.9928 -0.2838
  0.2450 -0.9720 -0.2727
  0.3675 -0.9393 -0.2551
  0.4900 -0.8960 -0.2319
  0.6125 -0.8438 -0.2039
  0.7350 -0.7840 -0.1718
  0.8575 -0.7183 -0.1366
  0.9800 -0.6480 -0.0989
  1.1025 -0.5748 -0.0596
  1.2250 -0.5000 -0.0195
  1.3475 -0.4253  0.0206
  1.4700 -0.3520  0.0599
  1.5925 -0.2818  0.0976
  1.7150 -0.2160  0.1328
  1.8375 -0.1563  0.1649
  1.9600 -0.1040  0.1929
  2.0825 -0.0608  0.2161
  2.2050 -0.0280  0.2337
  2.2663 -0.0160  0.2401
  2.3275 -0.0073  0.2448
  2.3765 -0.0026  0.2473
  2.4010 -0.0012  0.2481
  2.4255 -0.0003  0.2485
  2.4378 -0.0001  0.2487
  2.4451 -0.0000  0.2487
  2.4488 -0.0000  0.2487
  2.4500 -0.0000  0.2487
