 -2.4500  0.0000  0.2487
 -2.4488 -0.0000  0.2487
 -2.4451 -0.0000  0.2487
 -2.4378 -0.0001  0.2486
 -2.4255 -0.0003  0.2484
 -2.4010 -0.0013  0.2474
 -2.3765 -0.0029  0.2458
 -2.3275 -0.0080  0.2407
 -2.2663 -0.0176  0.2311
 -2.2050 -0.0308  0.2179
 -2.0825 -0.0668  0.1819
 -1.9600 -0.1144  0.1343
 -1.8375 -0.1719  0.0768
 -1.7150 -0.2376  0.0111
 -1.5925 -0.3099 -0.0612
 -1.4700 -0.3872 -0.1385
 -1.3475 -0.4678 -0.2191
 -1.2250 -0.5500 -0.3013
 -1.1025 -0.6322 -0.3835
 -0.9800 -0.7128 -0.4641
 -0.8575 -0.7901 -0.5414
 -0.7350 -0.8624 -0.6137
 -0.6125 -0.9281 -0.6794
 -0.4900 -0.9856 -0.7369
 -0.3675 -1.0332 -0.7845
 -0.2450 -1.0692 -0.8205
 -0.1225 -1.0920 -0.8433
  0.0000 -1.1000 -0.8513
  0.1225 -1.0920 -0.8433
  0.2450 -1.0692 -0.8205
  0.3675 -1.0332 -0.7845
  0.4900 -0.9856 -0.7369
  0.6125 -0.9281 -0.6794
  0.7350 -0.8624 -0.6137
  0.8575 -0.7901 -0.5414
  0.9800 -0.7128 -0.4641
  1.1025 -0.6322 -0.3835
  1.2250 -0.5500 -0.3013
  1.3475 -0.4678 -0.2191
  1.4700 -0.3872 -0.1385
  1.5925 -0.3099 -0.0612
  1.7150 -0.2376  0.0111
  1.8375 -0.1719  0.0768
  1.9600 -0.1144  0.1343
  2.0825 -0.0668  0.1819
  2.2050 -0.0308  0.2179
  2.2663 -0.0176  0.2311
  2.3275 -0.0080  0.2407
  2.3765 -0.0029  0.2458
  2.4010 -0.0013  0.2474
  2.4255 -0.0003  0.2484
  2.4378 -0.0001  0.2486
  2.4451 -0.0000  0.2487
  2.4488 -0.0000  0.2487
  2.4500  0.0000  0.2487
