 -2.4500  0.0000  0.2487
 -2.4488 -0.0000  0.2487
 -2.4451 -0.0000  0.2487
 -2.4378 -0.0001  0.2486
 -2.4255 -0.0003  0.2484
 -2.4010 -0.0013  0.2476
 -2.3765 -0.0029  0.2462
 -2.3275 -0.0080  0.2418
 -2.2663 -0.0176  0.2335
 -2.2050 -0.0308  0.2222
 -2.0825 -0.0668  0.1913
 -1.9600 -0.1144  0.1504
 -1.8375 -0.1719  0.1010
 -1.7150 -0.2376  0.0445
 -1.5925 -0.3099 -0.0177
 -1.4700 -0.3872 -0.0841
 -1.3475 -0.4678 -0.1534
 -1.2250 -0.5500 -0.2240
 -1.1025 -0.6322 -0.2947
 -0.9800 -0.7128 -0.3640
 -0.8575 -0.7901 -0.4304
 -0.7350 -0.8624 -0.4925
 -0.6125 -0.9281 -0.5490
 -0.4900 -0.9856 -0.5984
 -0.3675 -1.0332 -0.6393
 -0.2450 -1.0692 -0.6703
 -0.1225 -1.0920 -0.6899
  0.0000 -1.1000 -0.6968
  0.1225 -1.0920 -0.6899
  0.2450 -1.0692 -0.6703
  0.3675 -1.0332 -0.6393
  0.4900 -0.9856 -0.5984
  0.6125 -0.9281 -0.5490
  0.7350 -0.8624 -0.4925
  0.8575 -0.7901 -0.4304
  0.9800 -0.7128 -0.3640
  1.1025 -0.6322 -0.2947
  1.2250 -0.5500 -0.2240
  1.3475 -0.4678 -0.1534
  1.4700 -0.3872 -0.0841
  1.5925 -0.3099 -0.0177
  1.7150 -0.2376  0.0445
  1.8375 -0.1719  0.1010
  1.9600 -0.1144  0.1504
  2.0825 -0.0668  0.1913
  2.2050 -0.0308  0.2222
  2.2663 -0.0176  0.2335
  2.3275 -0.0080  0.2418
  2.3765 -0.0029  0.2462
  2.4010 -0.0013  0.2476
  2.4255 -0.0003  0.2484
  2.4378 -0.0001  0.2486
  2.4451 -0.0000  0.2487
  2.4488 -0.0000  0.2487
  2.4500  0.0000  0.2487
