 -2.4500  0.0000  0.2487
 -2.4488 -0.0000  0.2487
 -2.4451 -0.0000  0.2487
 -2.4378 -0.0001  0.2486
 -2.4255 -0.0003  0.2484
 -2.4010 -0.0013  0.2477
 -2.3765 -0.0029  0.2464
 -2.3275 -0.0080  0.2424
 -2.2663 -0.0176  0.2348
 -2.2050 -0.0308  0.2244
 -2.0825 -0.0668  0.1960
 -1.9600 -0.1144  0.1584
 -1.8375 -0.1719  0.1130
 -1.7150 -0.2376  0.0612
 -1.5925 -0.3099  0.0041
 -1.4700 -0.3872 -0.0569
 -1.3475 -0.4678 -0.1205
 -1.2250 -0.5500 -0.1854
 -1.1025 -0.6322 -0.2503
 -0.9800 -0.7128 -0.3139
 -0.8575 -0.7901 -0.3749
 -0.7350 -0.8624 -0.4320
 -0.6125 -0.9281 -0.4838
 -0.4900 -0.9856 -0.5292
 -0.3675 -1.0332 -0.5668
 -0.2450 -1.0692 -0.5952
 -0.1225 -1.0920 -0.6132
  0.0000 -1.1000 -0.6195
  0.1225 -1.0920 -0.6132
  0.2450 -1.0692 -0.5952
  0.3675 -1.0332 -0.5668
  0.4900 -0.9856 -0.5292
  0.6125 -0.9281 -0.4838
  0.7350 -0.8624 -0.4320
  0.8575 -0.7901 -0.3749
  0.9800 -0.7128 -0.3139
  1.1025 -0.6322 -0.2503
  1.2250 -0.5500 -0.1854
  1.3475 -0.4678 -0.1205
  1.4700 -0.3872 -0.0569
  1.5925 -0.3099  0.0041
  1.7150 -0.2376  0.0612
  1.8375 -0.1719  0.1130
  1.9600 -0.1144  0.1584
  2.0825 -0.0668  0.1960
  2.2050 -0.0308  0.2244
  2.2663 -0.0176  0.2348
  2.3275 -0.0080  0.2424
  2.3765 -0.0029  0.2464
  2.4010 -0.0013  0.2477
  2.4255 -0.0003  0.2484
  2.4378 -0.0001  0.2486
  2.4451 -0.0000  0.2487
  2.4488 -0.0000  0.2487
  2.4500  0.0000  0.2487
