 -2.4500  0.0000  0.2487
 -2.4488 -0.0000  0.2487
 -2.4451 -0.0000  0.2487
 -2.4378 -0.0001  0.2486
 -2.4255 -0.0003  0.2485
 -2.4010 -0.0013  0.2478
 -2.3765 -0.0029  0.2466
 -2.3275 -0.0080  0.2430
 -2.2663 -0.0176  0.2360
 -2.2050 -0.0308  0.2266
 -2.0825 -0.0668  0.2007
 -1.9600 -0.1144  0.1664
 -1.8375 -0.1719  0.1251
 -1.7150 -0.2376  0.0779
 -1.5925 -0.3099  0.0259
 -1.4700 -0.3872 -0.0297
 -1.3475 -0.4678 -0.0876
 -1.2250 -0.5500 -0.1468
 -1.1025 -0.6322 -0.2059
 -0.9800 -0.7128 -0.2638
 -0.8575 -0.7901 -0.3194
 -0.7350 -0.8624 -0.3714
 -0.6125 -0.9281 -0.4187
 -0.4900 -0.9856 -0.4600
 -0.3675 -1.0332 -0.4942
 -0.2450 -1.0692 -0.5201
 -0.1225 -1.0920 -0.5365
  0.0000 -1.1000 -0.5422
  0.1225 -1.0920 -0.5365
  0.2450 -1.0692 -0.5201
  0.3675 -1.0332 -0.4942
  0.4900 -0.9856 -0.4600
  0.6125 -0.9281 -0.4187
  0.7350 -0.8624 -0.3714
  0.8575 -0.7901 -0.3194
  0.9800 -0.7128 -0.2638
  1.1025 -0.6322 -0.2059
  1.2250 -0.5500 -0.1468
  1.3475 -0.4678 -0.0876
  1.4700 -0.3872 -0.0297
  1.5925 -0.3099  0.0259
  1.7150 -0.2376  0.0779
  1.8375 -0.1719  0.1251
  1.9600 -0.1144  0.1664
  2.0825 -0.0668  0.2007
  2.2050 -0.0308  0.2266
  2.2663 -0.0176  0.2360
  2.3275 -0.0080  0.2430
  2.3765 -0.0029  0.2466
  2.4010 -0.0013  0.2478
  2.4255 -0.0003  0.2485
  2.4378 -0.0001  0.2486
  2.4451 -0.0000  0.2487
  2.4488 -0.0000  0.2487
  2.4500  0.0000  0.2487
