 -2.4500  0.0000  0.2487
 -2.4488 -0.0000  0.2487
 -2.4451 -0.0000  0.2487
 -2.4378 -0.0001  0.2486
 -2.4255 -0.0003  0.2485
 -2.4010 -0.0013  0.2479
 -2.3765 -0.0029  0.2468
 -2.3275 -0.0080  0.2435
 -2.2663 -0.0176  0.2373
 -2.2050 -0.0308  0.2287
 -2.0825 -0.0668  0.2053
 -1.9600 -0.1144  0.1745
 -1.8375 -0.1719  0.1372
 -1.7150 -0.2376  0.0945
 -1.5925 -0.3099  0.0476
 -1.4700 -0.3872 -0.0025
 -1.3475 -0.4678 -0.0548
 -1.2250 -0.5500 -0.1081
 -1.1025 -0.6322 -0.1615
 -0.9800 -0.7128 -0.2138
 -0.8575 -0.7901 -0.2639
 -0.7350 -0.8624 -0.3108
 -0.6125 -0.9281 -0.3535
 -0.4900 -0.9856 -0.3907
 -0.3675 -1.0332 -0.4216
 -0.2450 -1.0692 -0.4450
 -0.1225 -1.0920 -0.4598
  0.0000 -1.1000 -0.4650
  0.1225 -1.0920 -0.4598
  0.2450 -1.0692 -0.4450
  0.3675 -1.0332 -0.4216
  0.4900 -0.9856 -0.3907
  0.6125 -0.9281 -0.3535
  0.7350 -0.8624 -0.3108
  0.8575 -0.7901 -0.2639
  0.9800 -0.7128 -0.2138
  1.1025 -0.6322 -0.1615
  1.2250 -0.5500 -0.1081
  1.3475 -0.4678 -0.0548
  1.4700 -0.3872 -0.0025
  1.5925 -0.3099  0.0476
  1.7150 -0.2376  0.0945
  1.8375 -0.1719  0.1372
  1.9600 -0.1144  0.1745
  2.0825 -0.0668  0.2053
  2.2050 -0.0308  0.2287
  2.2663 -0.0176  0.2373
  2.3275 -0.0080  0.2435
  2.3765 -0.0029  0.2468
  2.4010 -0.0013  0.2479
  2.4255 -0.0003  0.2485
  2.4378 -0.0001  0.2486
  2.4451 -0.0000  0.2487
  2.4488 -0.0000  0.2487
  2.4500  0.0000  0.2487
