 -2.4500  0.0000  0.2487
 -2.4488 -0.0000  0.2487
 -2.4451 -0.0000  0.2487
 -2.4378 -0.0001  0.2487
 -2.4255 -0.0003  0.2485
 -2.4010 -0.0013  0.2479
 -2.3765 -0.0029  0.2470
 -2.3275 -0.0080  0.2441
 -2.2663 -0.0176  0.2385
 -2.2050 -0.0308  0.2309
 -2.0825 -0.0668  0.2100
 -1.9600 -0.1144  0.1825
 -1.8375 -0.1719  0.1493
 -1.7150 -0.2376  0.1112
 -1.5925 -0.3099  0.0694
 -1.4700 -0.3872  0.0247
 -1.3475 -0.4678 -0.0219
 -1.2250 -0.5500 -0.0695
 -1.1025 -0.6322 -0.1171
 -0.9800 -0.7128 -0.1637
 -0.8575 -0.7901 -0.2084
 -0.7350 -0.8624 -0.2502
 -0.6125 -0.9281 -0.2883
 -0.4900 -0.9856 -0.3215
 -0.3675 -1.0332 -0.3490
 -0.2450 -1.0692 -0.3699
 -0.1225 -1.0920 -0.3831
  0.0000 -1.1000 -0.3877
  0.1225 -1.0920 -0.3831
  0.2450 -1.0692 -0.3699
  0.3675 -1.0332 -0.3490
  0.4900 -0.9856 -0.3215
  0.6125 -0.9281 -0.2883
  0.7350 -0.8624 -0.2502
  0.8575 -0.7901 -0.2084
  0.9800 -0.7128 -0.1637
  1.1025 -0.6322 -0.1171
  1.2250 -0.5500 -0.0695
  1.3475 -0.4678 -0.0219
  1.4700 -0.3872  0.0247
  1.5925 -0.3099  0.0694
  1.7150 -0.2376  0.1112
  1.8375 -0.1719  0.1493
  1.9600 -0.1144  0.1825
  2.0825 -0.0668  0.2100
  2.2050 -0.0308  0.2309
  2.2663 -0.0176  0.2385
  2.3275 -0.0080  0.2441
  2.3765 -0.0029  0.2470
  2.4010 -0.0013  0.2479
  2.4255 -0.0003  0.2485
  2.4378 -0.0001  0.2487
  2.4451 -0.0000  0.2487
  2.4488 -0.0000  0.2487
  2.4500  0.0000  0.2487
