 -2.4500 -0.0000  0.2487
 -2.4488 -0.0000  0.2487
 -2.4451 -0.0000  0.2487
 -2.4378 -0.0001  0.2486
 -2.4255 -0.0004  0.2483
 -2.4010 -0.0014  0.2473
 -2.3765 -0.0032  0.2455
 -2.3275 -0.0087  0.2400
 -2.2663 -0.0192  0.2295
 -2.2050 -0.0336  0.2151
 -2.0825 -0.0729  0.1758
 -1.9600 -0.1248  0.1239
 -1.8375 -0.1875  0.0612
 -1.7150 -0.2592 -0.0105
 -1.5925 -0.3381 -0.0894
 -1.4700 -0.4224 -0.1737
 -1.3475 -0.5103 -0.2616
 -1.2250 -0.6000 -0.3513
 -1.1025 -0.6897 -0.4410
 -0.9800 -0.7776 -0.5289
 -0.8575 -0.8619 -0.6132
 -0.7350 -0.9408 -0.6921
 -0.6125 -1.0125 -0.7638
 -0.4900 -1.0752 -0.8265
 -0.3675 -1.1271 -0.8784
 -0.2450 -1.1664 -0.9177
 -0.1225 -1.1913 -0.9426
  0.0000 -1.2000 -0.9513
  0.1225 -1.1913 -0.9426
  0.2450 -1.1664 -0.9177
  0.3675 -1.1271 -0.8784
  0.4900 -1.0752 -0.8265
  0.6125 -1.0125 -0.7638
  0.7350 -0.9408 -0.6921
  0.8575 -0.8619 -0.6132
  0.9800 -0.7776 -0.5289
  1.1025 -0.6897 -0.4410
  1.2250 -0.6000 -0.3513
  1.3475 -0.5103 -0.2616
  1.4700 -0.4224 -0.1737
  1.5925 -0.3381 -0.0894
  1.7150 -0.2592 -0.0105
  1.8375 -0.1875  0.0612
  1.9600 -0.1248  0.1239
  2.0825 -0.0729  0.1758
  2.2050 -0.0336  0.2151
  2.2663 -0.0192  0.2295
  2.3275 -0.0087  0.2400
  2.3765 -0.0032  0.2455
  2.4010 -0.0014  0.2473
  2.4255 -0.0004  0.2483
  2.4378 -0.0001  0.2486
  2.4451 -0.0000  0.2487
  2.4488 -0.0000  0.2487
  2.4500 -0.0000  0.2487
