 -2.4500 -0.0000  0.2487
 -2.4488 -0.0000  0.2487
 -2.4451 -0.0000  0.2487
 -2.4378 -0.0001  0.2486
 -2.4255 -0.0004  0.2484
 -2.4010 -0.0014  0.2475
 -2.3765 -0.0032  0.2459
 -2.3275 -0.0087  0.2411
 -2.2663 -0.0192  0.2319
 -2.2050 -0.0336  0.2194
 -2.0825 -0.0729  0.1852
 -1.9600 -0.1248  0.1400
 -1.8375 -0.1875  0.0853
 -1.7150 -0.2592  0.0229
 -1.5925 -0.3381 -0.0459
 -1.4700 -0.4224 -0.1193
 -1.3475 -0.5103 -0.1959
 -1.2250 -0.6000 -0.2740
 -1.1025 -0.6897 -0.3522
 -0.9800 -0.7776 -0.4288
 -0.8575 -0.8619 -0.5022
 -0.7350 -0.9408 -0.5709
 -0.6125 -1.0125 -0.6334
 -0.4900 -1.0752 -0.6880
 -0.3675 -1.1271 -0.7333
 -0.2450 -1.1664 -0.7675
 -0.1225 -1.1913 -0.7892
  0.0000 -1.2000 -0.7968
  0.1225 -1.1913 -0.7892
  0.2450 -1.1664 -0.7675
  0.3675 -1.1271 -0.7333
  0.4900 -1.0752 -0.6880
  0.6125 -1.0125 -0.6334
  0.7350 -0.9408 -0.5709
  0.8575 -0.8619 -0.5022
  0.9800 -0.7776 -0.4288
  1.1025 -0.6897 -0.3522
  1.2250 -0.6000 -0.2740
  1.3475 -0.5103 -0.1959
  1.4700 -0.4224 -0.1193
  1.5925 -0.3381 -0.0459
  1.7150 -0.2592  0.0229
  1.8375 -0.1875  0.0853
  1.9600 -0.1248  0.1400
  2.0825 -0.0729  0.1852
  2.2050 -0.0336  0.2194
  2.2663 -0.0192  0.2319
  2.3275 -0.0087  0.2411
  2.3765 -0.0032  0.2459
  2.4010 -0.0014  0.2475
  2.4255 -0.0004  0.2484
  2.4378 -0.0001  0.2486
  2.4451 -0.0000  0.2487
  2.4488 -0.0000  0.2487
  2.4500 -0.0000  0.2487
