 -2.4500 -0.0000  0.2487
 -2.4488 -0.0000  0.2487
 -2.4451 -0.0000  0.2487
 -2.4378 -0.0001  0.2486
 -2.4255 -0.0004  0.2484
 -2.4010 -0.0014  0.2476
 -2.3765 -0.0032  0.2461
 -2.3275 -0.0087  0.2417
 -2.2663 -0.0192  0.2332
 -2.2050 -0.0336  0.2216
 -2.0825 -0.0729  0.1899
 -1.9600 -0.1248  0.1480
 -1.8375 -0.1875  0.0974
 -1.7150 -0.2592  0.0396
 -1.5925 -0.3381 -0.0241
 -1.4700 -0.4224 -0.0921
 -1.3475 -0.5103 -0.1630
 -1.2250 -0.6000 -0.2354
 -1.1025 -0.6897 -0.3078
 -0.9800 -0.7776 -0.3787
 -0.8575 -0.8619 -0.4467
 -0.7350 -0.9408 -0.5104
 -0.6125 -1.0125 -0.5682
 -0.4900 -1.0752 -0.6188
 -0.3675 -1.1271 -0.6607
 -0.2450 -1.1664 -0.6924
 -0.1225 -1.1913 -0.7125
  0.0000 -1.2000 -0.7195
  0.1225 -1.1913 -0.7125
  0.2450 -1.1664 -0.6924
  0.3675 -1.1271 -0.6607
  0.4900 -1.0752 -0.6188
  0.6125 -1.0125 -0.5682
  0.7350 -0.9408 -0.5104
  0.8575 -0.8619 -0.4467
  0.9800 -0.7776 -0.3787
  1.1025 -0.6897 -0.3078
  1.2250 -0.6000 -0.2354
  1.3475 -0.5103 -0.1630
  1.4700 -0.4224 -0.0921
  1.5925 -0.3381 -0.0241
  1.7150 -0.2592  0.0396
  1.8375 -0.1875  0.0974
  1.9600 -0.1248  0.1480
  2.0825 -0.0729  0.1899
  2.2050 -0.0336  0.2216
  2.2663 -0.0192  0.2332
  2.3275 -0.0087  0.2417
  2.3765 -0.0032  0.2461
  2.4010 -0.0014  0.2476
  2.4255 -0.0004  0.2484
  2.4378 -0.0001  0.2486
  2.4451 -0.0000  0.2487
  2.4488 -0.0000  0.2487
  2.4500 -0.0000  0.2487
