 -2.4500 -0.0000  0.2487
 -2.4488 -0.0000  0.2487
 -2.4451 -0.0000  0.2487
 -2.4378 -0.0001  0.2486
 -2.4255 -0.0004  0.2484
 -2.4010 -0.0014  0.2476
 -2.3765 -0.0032  0.2463
 -2.3275 -0.0087  0.2422
 -2.2663 -0.0192  0.2344
 -2.2050 -0.0336  0.2238
 -2.0825 -0.0729  0.1946
 -1.9600 -0.1248  0.1560
 -1.8375 -0.1875  0.1095
 -1.7150 -0.2592  0.0563
 -1.5925 -0.3381 -0.0023
 -1.4700 -0.4224 -0.0649
 -1.3475 -0.5103 -0.1302
 -1.2250 -0.6000 -0.1968
 -1.1025 -0.6897 -0.2634
 -0.9800 -0.7776 -0.3286
 -0.8575 -0.8619 -0.3912
 -0.7350 -0.9408 -0.4498
 -0.6125 -1.0125 -0.5030
 -0.4900 -1.0752 -0.5496
 -0.3675 -1.1271 -0.5881
 -0.2450 -1.1664 -0.6173
 -0.1225 -1.1913 -0.6358
  0.0000 -1.2000 -0.6422
  0.1225 -1.1913 -0.6358
  0.2450 -1.1664 -0.6173
  0.3675 -1.1271 -0.5881
  0.4900 -1.0752 -0.5496
  0.6125 -1.0125 -0.5030
  0.7350 -0.9408 -0.4498
  0.8575 -0.8619 -0.3912
  0.9800 -0.7776 -0.3286
  1.1025 -0.6897 -0.2634
  1.2250 -0.6000 -0.1968
  1.3475 -0.5103 -0.1302
  1.4700 -0.4224 -0.0649
  1.5925 -0.3381 -0.0023
  1.7150 -0.2592  0.0563
  1.8375 -0.1875  0.1095
  1.9600 -0.1248  0.1560
  2.0825 -0.0729  0.1946
  2.2050 -0.0336  0.2238
  2.2663 -0.0192  0.2344
  2.3275 -0.0087  0.2422
  2.3765 -0.0032  0.2463
  2.4010 -0.0014  0.2476
  2.4255 -0.0004  0.2484
  2.4378 -0.0001  0.2486
  2.4451 -0.0000  0.2487
  2.4488 -0.0000  0.2487
  2.4500 -0.0000  0.2487
