 -2.4500 -0.0000  0.2487
 -2.4488 -0.0000  0.2487
 -2.4451 -0.0000  0.2487
 -2.4378 -0.0001  0.2486
 -2.4255 -0.0004  0.2485
 -2.4010 -0.0014  0.2477
 -2.3765 -0.0032  0.2465
 -2.3275 -0.0087  0.2428
 -2.2663 -0.0192  0.2357
 -2.2050 -0.0336  0.2259
 -2.0825 -0.0729  0.1993
 -1.9600 -0.1248  0.1641
 -1.8375 -0.1875  0.1216
 -1.7150 -0.2592  0.0729
 -1.5925 -0.3381  0.0194
 -1.4700 -0.4224 -0.0377
 -1.3475 -0.5103 -0.0973
 -1.2250 -0.6000 -0.1581
 -1.1025 -0.6897 -0.2190
 -0.9800 -0.7776 -0.2786
 -0.8575 -0.8619 -0.3357
 -0.7350 -0.9408 -0.3892
 -0.6125 -1.0125 -0.4378
 -0.4900 -1.0752 -0.4803
 -0.3675 -1.1271 -0.5155
 -0.2450 -1.1664 -0.5422
 -0.1225 -1.1913 -0.5591
  0.0000 -1.2000 -0.5650
  0.1225 -1.1913 -0.5591
  0.2450 -1.1664 -0.5422
  0.3675 -1.1271 -0.5155
  0.4900 -1.0752 -0.4803
  0.6125 -1.0125 -0.4378
  0.7350 -0.9408 -0.3892
  0.8575 -0.8619 -0.3357
  0.9800 -0.7776 -0.2786
  1.1025 -0.6897 -0.2190
  1.2250 -0.6000 -0.1581
  1.3475 -0.5103 -0.0973
  1.4700 -0.4224 -0.0377
  1.5925 -0.3381  0.0194
  1.7150 -0.2592  0.0729
  1.8375 -0.1875  0.1216
  1.9600 -0.1248  0.1641
  2.0825 -0.0729  0.1993
  2.2050 -0.0336  0.2259
  2.2663 -0.0192  0.2357
  2.3275 -0.0087  0.2428
  2.3765 -0.0032  0.2465
  2.4010 -0.0014  0.2477
  2.4255 -0.0004  0.2485
  2.4378 -0.0001  0.2486
  2.4451 -0.0000  0.2487
  2.4488 -0.0000  0.2487
  2.4500 -0.0000  0.2487
