 -2.4500 -0.0000  0.2487
 -2.4488 -0.0000  0.2487
 -2.4451 -0.0000  0.2487
 -2.4378 -0.0001  0.2486
 -2.4255 -0.0004  0.2485
 -2.4010 -0.0014  0.2478
 -2.3765 -0.0032  0.2468
 -2.3275 -0.0087  0.2434
 -2.2663 -0.0192  0.2369
 -2.2050 -0.0336  0.2281
 -2.0825 -0.0729  0.2040
 -1.9600 -0.1248  0.1721
 -1.8375 -0.1875  0.1336
 -1.7150 -0.2592  0.0896
 -1.5925 -0.3381  0.0412
 -1.4700 -0.4224 -0.0105
 -1.3475 -0.5103 -0.0645
 -1.2250 -0.6000 -0.1195
 -1.1025 -0.6897 -0.1745
 -0.9800 -0.7776 -0.2285
 -0.8575 -0.8619 -0.2802
 -0.7350 -0.9408 -0.3286
 -0.6125 -1.0125 -0.3726
 -0.4900 -1.0752 -0.4111
 -0.3675 -1.1271 -0.4430
 -0.2450 -1.1664 -0.4671
 -0.1225 -1.1913 -0.4824
  0.0000 -1.2000 -0.4877
  0.1225 -1.1913 -0.4824
  0.2450 -1.1664 -0.4671
  0.3675 -1.1271 -0.4430
  0.4900 -1.0752 -0.4111
  0.6125 -1.0125 -0.3726
  0.7350 -0.9408 -0.3286
  0.8575 -0.8619 -0.2802
  0.9800 -0.7776 -0.2285
  1.1025 -0.6897 -0.1745
  1.2250 -0.6000 -0.1195
  1.3475 -0.5103 -0.0645
  1.4700 -0.4224 -0.0105
  1.5925 -0.3381  0.0412
  1.7150 -0.2592  0.0896
  1.8375 -0.1875  0.1336
  1.9600 -0.1248  0.1721
  2.0825 -0.0729  0.2040
  2.2050 -0.0336  0.2281
  2.2663 -0.0192  0.2369
  2.3275 -0.0087  0.2434
  2.3765 -0.0032  0.2468
  2.4010 -0.0014  0.2478
  2.4255 -0.0004  0.2485
  2.4378 -0.0001  0.2486
  2.4451 -0.0000  0.2487
  2.4488 -0.0000  0.2487
  2.4500 -0.0000  0.2487
