 -2.4500 -0.0000  0.2487
 -2.4488 -0.0000  0.2487
 -2.4451 -0.0000  0.2487
 -2.4378 -0.0001  0.2486
 -2.4255 -0.0004  0.2483
 -2.4010 -0.0015  0.2472
 -2.3765 -0.0034  0.2453
 -2.3275 -0.0094  0.2393
 -2.2663 -0.0208  0.2279
 -2.2050 -0.0364  0.2123
 -2.0825 -0.0790  0.1697
 -1.9600 -0.1352  0.1135
 -1.8375 -0.2031  0.0456
 -1.7150 -0.2808 -0.0321
 -1.5925 -0.3663 -0.1176
 -1.4700 -0.4576 -0.2089
 -1.3475 -0.5528 -0.3041
 -1.2250 -0.6500 -0.4013
 -1.1025 -0.7472 -0.4985
 -0.9800 -0.8424 -0.5937
 -0.8575 -0.9337 -0.6850
 -0.7350 -1.0192 -0.7705
 -0.6125 -1.0969 -0.8482
 -0.4900 -1.1648 -0.9161
 -0.3675 -1.2210 -0.9723
 -0.2450 -1.2636 -1.0149
 -0.1225 -1.2906 -1.0419
  0.0000 -1.3000 -1.0513
  0.1225 -1.2906 -1.0419
  0.2450 -1.2636 -1.0149
  0.3675 -1.2210 -0.9723
  0.4900 -1.1648 -0.9161
  0.6125 -1.0969 -0.8482
  0.7350 -1.0192 -0.7705
  0.8575 -0.9337 -0.6850
  0.9800 -0.8424 -0.5937
  1.1025 -0.7472 -0.4985
  1.2250 -0.6500 -0.4013
  1.3475 -0.5528 -0.3041
  1.4700 -0.4576 -0.2089
  1.5925 -0.3663 -0.1176
  1.7150 -0.2808 -0.0321
  1.8375 -0.2031  0.0456
  1.9600 -0.1352  0.1135
  2.0825 -0.0790  0.1697
  2.2050 -0.0364  0.2123
  2.2663 -0.0208  0.2279
  2.3275 -0.0094  0.2393
  2.3765 -0.0034  0.2453
  2.4010 -0.0015  0.2472
  2.4255 -0.0004  0.2483
  2.4378 -0.0001  0.2486
  2.4451 -0.0000  0.2487
  2.4488 -0.0000  0.2487
  2.4500 -0.0000  0.2487
