 -2.4500 -0.0000  0.2487
 -2.4488 -0.0000  0.2487
 -2.4451 -0.0000  0.2487
 -2.4378 -0.0001  0.2486
 -2.4255 -0.0004  0.2484
 -2.4010 -0.0015  0.2473
 -2.3765 -0.0034  0.2457
 -2.3275 -0.0094  0.2404
 -2.2663 -0.0208  0.2303
 -2.2050 -0.0364  0.2166
 -2.0825 -0.0790  0.1791
 -1.9600 -0.1352  0.1296
 -1.8375 -0.2031  0.0697
 -1.7150 -0.2808  0.0013
 -1.5925 -0.3663 -0.0740
 -1.4700 -0.4576 -0.1545
 -1.3475 -0.5528 -0.2384
 -1.2250 -0.6500 -0.3240
 -1.1025 -0.7472 -0.4097
 -0.9800 -0.8424 -0.4936
 -0.8575 -0.9337 -0.5740
 -0.7350 -1.0192 -0.6493
 -0.6125 -1.0969 -0.7178
 -0.4900 -1.1648 -0.7776
 -0.3675 -1.2210 -0.8272
 -0.2450 -1.2636 -0.8647
 -0.1225 -1.2906 -0.8885
  0.0000 -1.3000 -0.8968
  0.1225 -1.2906 -0.8885
  0.2450 -1.2636 -0.8647
  0.3675 -1.2210 -0.8272
  0.4900 -1.1648 -0.7776
  0.6125 -1.0969 -0.7178
  0.7350 -1.0192 -0.6493
  0.8575 -0.9337 -0.5740
  0.9800 -0.8424 -0.4936
  1.1025 -0.7472 -0.4097
  1.2250 -0.6500 -0.3240
  1.3475 -0.5528 -0.2384
  1.4700 -0.4576 -0.1545
  1.5925 -0.3663 -0.0740
  1.7150 -0.2808  0.0013
  1.8375 -0.2031  0.0697
  1.9600 -0.1352  0.1296
  2.0825 -0.0790  0.1791
  2.2050 -0.0364  0.2166
  2.2663 -0.0208  0.2303
  2.3275 -0.0094  0.2404
  2.3765 -0.0034  0.2457
  2.4010 -0.0015  0.2473
  2.4255 -0.0004  0.2484
  2.4378 -0.0001  0.2486
  2.4451 -0.0000  0.2487
  2.4488 -0.0000  0.2487
  2.4500 -0.0000  0.2487
