 -2.4500 -0.0000  0.2487
 -2.4488 -0.0000  0.2487
 -2.4451 -0.0000  0.2487
 -2.4378 -0.0001  0.2486
 -2.4255 -0.0004  0.2484
 -2.4010 -0.0015  0.2475
 -2.3765 -0.0034  0.2461
 -2.3275 -0.0094  0.2415
 -2.2663 -0.0208  0.2328
 -2.2050 -0.0364  0.2210
 -2.0825 -0.0790  0.1885
 -1.9600 -0.1352  0.1456
 -1.8375 -0.2031  0.0939
 -1.7150 -0.2808  0.0347
 -1.5925 -0.3663 -0.0305
 -1.4700 -0.4576 -0.1001
 -1.3475 -0.5528 -0.1727
 -1.2250 -0.6500 -0.2468
 -1.1025 -0.7472 -0.3208
 -0.9800 -0.8424 -0.3934
 -0.8575 -0.9337 -0.4630
 -0.7350 -1.0192 -0.5282
 -0.6125 -1.0969 -0.5874
 -0.4900 -1.1648 -0.6392
 -0.3675 -1.2210 -0.6820
 -0.2450 -1.2636 -0.7145
 -0.1225 -1.2906 -0.7350
  0.0000 -1.3000 -0.7422
  0.1225 -1.2906 -0.7350
  0.2450 -1.2636 -0.7145
  0.3675 -1.2210 -0.6820
  0.4900 -1.1648 -0.6392
  0.6125 -1.0969 -0.5874
  0.7350 -1.0192 -0.5282
  0.8575 -0.9337 -0.4630
  0.9800 -0.8424 -0.3934
  1.1025 -0.7472 -0.3208
  1.2250 -0.6500 -0.2468
  1.3475 -0.5528 -0.1727
  1.4700 -0.4576 -0.1001
  1.5925 -0.3663 -0.0305
  1.7150 -0.2808  0.0347
  1.8375 -0.2031  0.0939
  1.9600 -0.1352  0.1456
  2.0825 -0.0790  0.1885
  2.2050 -0.0364  0.2210
  2.2663 -0.0208  0.2328
  2.3275 -0.0094  0.2415
  2.3765 -0.0034  0.2461
  2.4010 -0.0015  0.2475
  2.4255 -0.0004  0.2484
  2.4378 -0.0001  0.2486
  2.4451 -0.0000  0.2487
  2.4488 -0.0000  0.2487
  2.4500 -0.0000  0.2487
