 -2.4500 -0.0000  0.2487
 -2.4488 -0.0000  0.2487
 -2.4451 -0.0000  0.2487
 -2.4378 -0.0001  0.2486
 -2.4255 -0.0004  0.2485
 -2.4010 -0.0015  0.2477
 -2.3765 -0.0034  0.2465
 -2.3275 -0.0094  0.2426
 -2.2663 -0.0208  0.2353
 -2.2050 -0.0364  0.2253
 -2.0825 -0.0790  0.1979
 -1.9600 -0.1352  0.1617
 -1.8375 -0.2031  0.1180
 -1.7150 -0.2808  0.0680
 -1.5925 -0.3663  0.0130
 -1.4700 -0.4576 -0.0457
 -1.3475 -0.5528 -0.1070
 -1.2250 -0.6500 -0.1695
 -1.1025 -0.7472 -0.2320
 -0.9800 -0.8424 -0.2933
 -0.8575 -0.9337 -0.3520
 -0.7350 -1.0192 -0.4070
 -0.6125 -1.0969 -0.4570
 -0.4900 -1.1648 -0.5007
 -0.3675 -1.2210 -0.5369
 -0.2450 -1.2636 -0.5643
 -0.1225 -1.2906 -0.5816
  0.0000 -1.3000 -0.5877
  0.1225 -1.2906 -0.5816
  0.2450 -1.2636 -0.5643
  0.3675 -1.2210 -0.5369
  0.4900 -1.1648 -0.5007
  0.6125 -1.0969 -0.4570
  0.7350 -1.0192 -0.4070
  0.8575 -0.9337 -0.3520
  0.9800 -0.8424 -0.2933
  1.1025 -0.7472 -0.2320
  1.2250 -0.6500 -0.1695
  1.3475 -0.5528 -0.1070
  1.4700 -0.4576 -0.0457
  1.5925 -0.3663  0.0130
  1.7150 -0.2808  0.0680
  1.8375 -0.2031  0.1180
  1.9600 -0.1352  0.1617
  2.0825 -0.0790  0.1979
  2.2050 -0.0364  0.2253
  2.2663 -0.0208  0.2353
  2.3275 -0.0094  0.2426
  2.3765 -0.0034  0.2465
  2.4010 -0.0015  0.2477
  2.4255 -0.0004  0.2485
  2.4378 -0.0001  0.2486
  2.4451 -0.0000  0.2487
  2.4488 -0.0000  0.2487
  2.4500 -0.0000  0.2487
