 -2.4500 -0.0000  0.2487
 -2.4488 -0.0000  0.2487
 -2.4451 -0.0000  0.2487
 -2.4378 -0.0001  0.2486
 -2.4255 -0.0004  0.2483
 -2.4010 -0.0017  0.2470
 -2.3765 -0.0037  0.2450
 -2.3275 -0.0102  0.2385
 -2.2663 -0.0224  0.2263
 -2.2050 -0.0392  0.2095
 -2.0825 -0.0851  0.1636
 -1.9600 -0.1456  0.1031
 -1.8375 -0.2188  0.0299
 -1.7150 -0.3024 -0.0537
 -1.5925 -0.3945 -0.1458
 -1.4700 -0.4928 -0.2441
 -1.3475 -0.5954 -0.3467
 -1.2250 -0.7000 -0.4513
 -1.1025 -0.8047 -0.5560
 -0.9800 -0.9072 -0.6585
 -0.8575 -1.0056 -0.7569
 -0.7350 -1.0976 -0.8489
 -0.6125 -1.1812 -0.9326
 -0.4900 -1.2544 -1.0057
 -0.3675 -1.3149 -1.0663
 -0.2450 -1.3608 -1.1121
 -0.1225 -1.3898 -1.1412
  0.0000 -1.4000 -1.1513
  0.1225 -1.3898 -1.1412
  0.2450 -1.3608 -1.1121
  0.3675 -1.3149 -1.0663
  0.4900 -1.2544 -1.0057
  0.6125 -1.1812 -0.9326
  0.7350 -1.0976 -0.8489
  0.8575 -1.0056 -0.7569
  0.9800 -0.9072 -0.6585
  1.1025 -0.8047 -0.5560
  1.2250 -0.7000 -0.4513
  1.3475 -0.5954 -0.3467
  1.4700 -0.4928 -0.2441
  1.5925 -0.3945 -0.1458
  1.7150 -0.3024 -0.0537
  1.8375 -0.2188  0.0299
  1.9600 -0.1456  0.1031
  2.0825 -0.0851  0.1636
  2.2050 -0.0392  0.2095
  2.2663 -0.0224  0.2263
  2.3275 -0.0102  0.2385
  2.3765 -0.0037  0.2450
  2.4010 -0.0017  0.2470
  2.4255 -0.0004  0.2483
  2.4378 -0.0001  0.2486
  2.4451 -0.0000  0.2487
  2.4488 -0.0000  0.2487
  2.4500 -0.0000  0.2487
