 -2.4500 -0.0000  0.2487
 -2.4488 -0.0000  0.2487
 -2.4451 -0.0000  0.2487
 -2.4378 -0.0001  0.2486
 -2.4255 -0.0004  0.2483
 -2.4010 -0.0017  0.2472
 -2.3765 -0.0037  0.2454
 -2.3275 -0.0102  0.2397
 -2.2663 -0.0224  0.2287
 -2.2050 -0.0392  0.2138
 -2.0825 -0.0851  0.1730
 -1.9600 -0.1456  0.1192
 -1.8375 -0.2188  0.0541
 -1.7150 -0.3024 -0.0203
 -1.5925 -0.3945 -0.1022
 -1.4700 -0.4928 -0.1897
 -1.3475 -0.5954 -0.2809
 -1.2250 -0.7000 -0.3740
 -1.1025 -0.8047 -0.4671
 -0.9800 -0.9072 -0.5584
 -0.8575 -1.0056 -0.6459
 -0.7350 -1.0976 -0.7277
 -0.6125 -1.1812 -0.8022
 -0.4900 -1.2544 -0.8672
 -0.3675 -1.3149 -0.9211
 -0.2450 -1.3608 -0.9619
 -0.1225 -1.3898 -0.9877
  0.0000 -1.4000 -0.9968
  0.1225 -1.3898 -0.9877
  0.2450 -1.3608 -0.9619
  0.3675 -1.3149 -0.9211
  0.4900 -1.2544 -0.8672
  0.6125 -1.1812 -0.8022
  0.7350 -1.0976 -0.7277
  0.8575 -1.0056 -0.6459
  0.9800 -0.9072 -0.5584
  1.1025 -0.8047 -0.4671
  1.2250 -0.7000 -0.3740
  1.3475 -0.5954 -0.2809
  1.4700 -0.4928 -0.1897
  1.5925 -0.3945 -0.1022
  1.7150 -0.3024 -0.0203
  1.8375 -0.2188  0.0541
  1.9600 -0.1456  0.1192
  2.0825 -0.0851  0.1730
  2.2050 -0.0392  0.2138
  2.2663 -0.0224  0.2287
  2.3275 -0.0102  0.2397
  2.3765 -0.0037  0.2454
  2.4010 -0.0017  0.2472
  2.4255 -0.0004  0.2483
  2.4378 -0.0001  0.2486
  2.4451 -0.0000  0.2487
  2.4488 -0.0000  0.2487
  2.4500 -0.0000  0.2487
