 -2.4500 -0.0000  0.2487
 -2.4488 -0.0000  0.2487
 -2.4451 -0.0000  0.2487
 -2.4378 -0.0001  0.2486
 -2.4255 -0.0004  0.2484
 -2.4010 -0.0017  0.2473
 -2.3765 -0.0037  0.2456
 -2.3275 -0.0102  0.2402
 -2.2663 -0.0224  0.2300
 -2.2050 -0.0392  0.2160
 -2.0825 -0.0851  0.1777
 -1.9600 -0.1456  0.1272
 -1.8375 -0.2188  0.0662
 -1.7150 -0.3024 -0.0036
 -1.5925 -0.3945 -0.0804
 -1.4700 -0.4928 -0.1625
 -1.3475 -0.5954 -0.2481
 -1.2250 -0.7000 -0.3354
 -1.1025 -0.8047 -0.4227
 -0.9800 -0.9072 -0.5083
 -0.8575 -1.0056 -0.5904
 -0.7350 -1.0976 -0.6672
 -0.6125 -1.1812 -0.7370
 -0.4900 -1.2544 -0.7980
 -0.3675 -1.3149 -0.8485
 -0.2450 -1.3608 -0.8868
 -0.1225 -1.3898 -0.9110
  0.0000 -1.4000 -0.9195
  0.1225 -1.3898 -0.9110
  0.2450 -1.3608 -0.8868
  0.3675 -1.3149 -0.8485
  0.4900 -1.2544 -0.7980
  0.6125 -1.1812 -0.7370
  0.7350 -1.0976 -0.6672
  0.8575 -1.0056 -0.5904
  0.9800 -0.9072 -0.5083
  1.1025 -0.8047 -0.4227
  1.2250 -0.7000 -0.3354
  1.3475 -0.5954 -0.2481
  1.4700 -0.4928 -0.1625
  1.5925 -0.3945 -0.0804
  1.7150 -0.3024 -0.0036
  1.8375 -0.2188  0.0662
  1.9600 -0.1456  0.1272
  2.0825 -0.0851  0.1777
  2.2050 -0.0392  0.2160
  2.2663 -0.0224  0.2300
  2.3275 -0.0102  0.2402
  2.3765 -0.0037  0.2456
  2.4010 -0.0017  0.2473
  2.4255 -0.0004  0.2484
  2.4378 -0.0001  0.2486
  2.4451 -0.0000  0.2487
  2.4488 -0.0000  0.2487
  2.4500 -0.0000  0.2487
