 -2.4500 -0.0000  0.2487
 -2.4488 -0.0000  0.2487
 -2.4451 -0.0000  0.2487
 -2.4378 -0.0001  0.2486
 -2.4255 -0.0004  0.2484
 -2.4010 -0.0017  0.2474
 -2.3765 -0.0037  0.2458
 -2.3275 -0.0102  0.2408
 -2.2663 -0.0224  0.2312
 -2.2050 -0.0392  0.2182
 -2.0825 -0.0851  0.1824
 -1.9600 -0.1456  0.1352
 -1.8375 -0.2188  0.0782
 -1.7150 -0.3024  0.0131
 -1.5925 -0.3945 -0.0587
 -1.4700 -0.4928 -0.1353
 -1.3475 -0.5954 -0.2152
 -1.2250 -0.7000 -0.2968
 -1.1025 -0.8047 -0.3783
 -0.9800 -0.9072 -0.4582
 -0.8575 -1.0056 -0.5349
 -0.7350 -1.0976 -0.6066
 -0.6125 -1.1812 -0.6718
 -0.4900 -1.2544 -0.7288
 -0.3675 -1.3149 -0.7760
 -0.2450 -1.3608 -0.8117
 -0.1225 -1.3898 -0.8343
  0.0000 -1.4000 -0.8422
  0.1225 -1.3898 -0.8343
  0.2450 -1.3608 -0.8117
  0.3675 -1.3149 -0.7760
  0.4900 -1.2544 -0.7288
  0.6125 -1.1812 -0.6718
  0.7350 -1.0976 -0.6066
  0.8575 -1.0056 -0.5349
  0.9800 -0.9072 -0.4582
  1.1025 -0.8047 -0.3783
  1.2250 -0.7000 -0.2968
  1.3475 -0.5954 -0.2152
  1.4700 -0.4928 -0.1353
  1.5925 -0.3945 -0.0587
  1.7150 -0.3024  0.0131
  1.8375 -0.2188  0.0782
  1.9600 -0.1456  0.1352
  2.0825 -0.0851  0.1824
  2.2050 -0.0392  0.2182
  2.2663 -0.0224  0.2312
  2.3275 -0.0102  0.2408
  2.3765 -0.0037  0.2458
  2.4010 -0.0017  0.2474
  2.4255 -0.0004  0.2484
  2.4378 -0.0001  0.2486
  2.4451 -0.0000  0.2487
  2.4488 -0.0000  0.2487
  2.4500 -0.0000  0.2487
