 -2.4500 -0.0000  0.2487
 -2.4488 -0.0000  0.2487
 -2.4451 -0.0000  0.2487
 -2.4378 -0.0001  0.2486
 -2.4255 -0.0004  0.2484
 -2.4010 -0.0017  0.2475
 -2.3765 -0.0037  0.2460
 -2.3275 -0.0102  0.2414
 -2.2663 -0.0224  0.2324
 -2.2050 -0.0392  0.2203
 -2.0825 -0.0851  0.1871
 -1.9600 -0.1456  0.1433
 -1.8375 -0.2188  0.0903
 -1.7150 -0.3024  0.0297
 -1.5925 -0.3945 -0.0369
 -1.4700 -0.4928 -0.1081
 -1.3475 -0.5954 -0.1824
 -1.2250 -0.7000 -0.2581
 -1.1025 -0.8047 -0.3339
 -0.9800 -0.9072 -0.4082
 -0.8575 -1.0056 -0.4794
 -0.7350 -1.0976 -0.5460
 -0.6125 -1.1812 -0.6066
 -0.4900 -1.2544 -0.6595
 -0.3675 -1.3149 -0.7034
 -0.2450 -1.3608 -0.7366
 -0.1225 -1.3898 -0.7576
  0.0000 -1.4000 -0.7650
  0.1225 -1.3898 -0.7576
  0.2450 -1.3608 -0.7366
  0.3675 -1.3149 -0.7034
  0.4900 -1.2544 -0.6595
  0.6125 -1.1812 -0.6066
  0.7350 -1.0976 -0.5460
  0.8575 -1.0056 -0.4794
  0.9800 -0.9072 -0.4082
  1.1025 -0.8047 -0.3339
  1.2250 -0.7000 -0.2581
  1.3475 -0.5954 -0.1824
  1.4700 -0.4928 -0.1081
  1.5925 -0.3945 -0.0369
  1.7150 -0.3024  0.0297
  1.8375 -0.2188  0.0903
  1.9600 -0.1456  0.1433
  2.0825 -0.0851  0.1871
  2.2050 -0.0392  0.2203
  2.2663 -0.0224  0.2324
  2.3275 -0.0102  0.2414
  2.3765 -0.0037  0.2460
  2.4010 -0.0017  0.2475
  2.4255 -0.0004  0.2484
  2.4378 -0.0001  0.2486
  2.4451 -0.0000  0.2487
  2.4488 -0.0000  0.2487
  2.4500 -0.0000  0.2487
