 -2.4500 -0.0000  0.2487
 -2.4488 -0.0000  0.2487
 -2.4451 -0.0000  0.2487
 -2.4378 -0.0001  0.2486
 -2.4255 -0.0004  0.2484
 -2.4010 -0.0017  0.2476
 -2.3765 -0.0037  0.2462
 -2.3275 -0.0102  0.2419
 -2.2663 -0.0224  0.2337
 -2.2050 -0.0392  0.2225
 -2.0825 -0.0851  0.1918
 -1.9600 -0.1456  0.1513
 -1.8375 -0.2188  0.1024
 -1.7150 -0.3024  0.0464
 -1.5925 -0.3945 -0.0151
 -1.4700 -0.4928 -0.0809
 -1.3475 -0.5954 -0.1495
 -1.2250 -0.7000 -0.2195
 -1.1025 -0.8047 -0.2895
 -0.9800 -0.9072 -0.3581
 -0.8575 -1.0056 -0.4239
 -0.7350 -1.0976 -0.4854
 -0.6125 -1.1812 -0.5414
 -0.4900 -1.2544 -0.5903
 -0.3675 -1.3149 -0.6308
 -0.2450 -1.3608 -0.6615
 -0.1225 -1.3898 -0.6809
  0.0000 -1.4000 -0.6877
  0.1225 -1.3898 -0.6809
  0.2450 -1.3608 -0.6615
  0.3675 -1.3149 -0.6308
  0.4900 -1.2544 -0.5903
  0.6125 -1.1812 -0.5414
  0.7350 -1.0976 -0.4854
  0.8575 -1.0056 -0.4239
  0.9800 -0.9072 -0.3581
  1.1025 -0.8047 -0.2895
  1.2250 -0.7000 -0.2195
  1.3475 -0.5954 -0.1495
  1.4700 -0.4928 -0.0809
  1.5925 -0.3945 -0.0151
  1.7150 -0.3024  0.0464
  1.8375 -0.2188  0.1024
  1.9600 -0.1456  0.1513
  2.0825 -0.0851  0.1918
  2.2050 -0.0392  0.2225
  2.2663 -0.0224  0.2337
  2.3275 -0.0102  0.2419
  2.3765 -0.0037  0.2462
  2.4010 -0.0017  0.2476
  2.4255 -0.0004  0.2484
  2.4378 -0.0001  0.2486
  2.4451 -0.0000  0.2487
  2.4488 -0.0000  0.2487
  2.4500 -0.0000  0.2487
