 -2.4500 0.0 	 0.2487
 -2.4488 0.0	 0.2487
 -2.4451 0.0	 0.2489
 -2.4378 0.0	 0.2493
 -2.4255 0.0	 0.2501
 -2.4010 -0.0014 0.2518
 -2.3765 -0.0023 0.254
 -2.3275 -0.0042 0.2595
 -2.2663 -0.0072 0.269
 -2.2050 -0.0113 0.2821
 -2.0825 -0.0267 0.3221
 -1.9600 -0.0556 0.379
 -1.8375 -0.098  0.4411
 -1.7150 -0.154  0.4955
 -1.5925 -0.2233 0.5395
 -1.4700 -0.3014 0.5748
 -1.3475 -0.3772 0.602
 -1.2250 -0.4393 0.6214
 -1.1025 -0.4953 0.6361
 -0.9800 -0.5469 0.6444
 -0.8575 -0.593  0.644
 -0.7350 -0.6319 0.6208
 -0.6125 -0.6624 0.5578
 -0.4900 -0.6841 0.4463
 -0.3675 -0.6977 0.2595
 -0.2450 -0.7044 0.0893
 -0.1225 -0.7063 0.0173
  0.0000 -0.7064 0.0059
  0.1225 -0.7063 0.0173
  0.2450 -0.7044 0.0893
  0.3675 -0.6977 0.2595
  0.4900 -0.6841 0.4463
  0.6125 -0.6624 0.5578
  0.7350 -0.6319 0.6208
  0.8575 -0.593  0.644
  0.9800 -0.5469 0.6444
  1.1025 -0.4953 0.6361
  1.2250 -0.4393 0.6214
  1.3475 -0.3772 0.602
  1.4700 -0.3014 0.5748
  1.5925 -0.2233 0.5395
  1.7150 -0.154  0.4955
  1.8375 -0.098  0.4411
  1.9600 -0.0556 0.379
  2.0825 -0.0267 0.3221
  2.2050 -0.0113 0.2821
  2.2663 -0.0072 0.269
  2.3275 -0.0042 0.2595
  2.3765 -0.0023 0.254
  2.4010 -0.0014 0.2518
  2.4255 0.0	 0.2501
  2.4378 0.0	 0.2493
  2.4451 0.0	 0.2489
  2.4488 0.0	 0.2487
  2.4500 0.0	 0.2487
