     x       G        Nxy      Nx     Ny          Lower
   0.000    0.000     0.0     0.0     0.0  
   0.000   10.872    -2.0    36.3     2.6  
   0.702   10.872    -2.0    36.3     2.6  
   0.702    0.000     0.0     0.0     0.0  
   0.702   10.872     1.5    25.5     4.6  
   1.460   10.872     1.5    25.5     4.6  
   1.460    0.000     0.0     0.0     0.0  
   1.460   11.428    22.2    57.8   -15.2  
   2.392   11.428    22.2    57.8   -15.2  
   2.392    0.000     0.0     0.0     0.0  
   2.392   15.598    74.3   122.4    14.2  
   2.593   15.598    74.3   122.4    14.2  
   2.593    0.000     0.0     0.0     0.0  
   2.593   13.998   -11.6    85.2    25.6  
   2.793   13.998   -11.6    85.2    25.6  
   2.793    0.000     0.0     0.0     0.0  
   2.793   13.998     3.1   171.5     2.3  
   3.953   13.998     3.1   171.5     2.3  
   3.953    0.000     0.0     0.0     0.0  
   3.953   14.832     0.3   185.7     7.8  
   5.263   14.832     0.3   185.7     7.8  
   5.263    0.000     0.0     0.0     0.0  
   5.263    8.276     5.0   182.5     1.6  
   5.871    8.276     5.0   182.5     1.6  
   5.871    0.000     0.0     0.0     0.0  
   5.871    7.802     1.1   159.7    -2.5  
   7.087    7.802     1.1   159.7    -2.5  
   7.087    0.000     0.0     0.0     0.0  
   7.087    7.486     0.5   135.3    -1.1  
   8.302    7.486     0.5   135.3    -1.1  
   8.302    0.000     0.0     0.0     0.0  
   8.302    7.328     0.2   115.9     0.0  
   9.225    7.328     0.2   115.9     0.0  
   9.225    0.000     0.0     0.0     0.0  
   9.225    7.170    -0.4    95.1     0.6  
  10.288    7.170    -0.4    95.1     0.6  
  10.288    0.000     0.0     0.0     0.0  
  10.288    6.854     0.8    72.4     0.5  
  11.342    6.854     0.8    72.4     0.5  
  11.342    0.000     0.0     0.0     0.0  
  11.342    4.807     0.3    42.2     0.9  
  12.841    4.807     0.3    42.2     0.9  
  12.841    0.000     0.0     0.0     0.0  
  12.841    4.491     0.3    19.9     1.0  
  14.331    4.491     0.3    19.9     1.0  
  14.331    0.000     0.0     0.0     0.0  
  14.331    4.491     0.3     5.9     0.2  
  15.830    4.491     0.3     5.9     0.2  
  15.830    0.000     0.0     0.0     0.0  
  15.830    4.491     0.0     0.2     0.0  
  17.319    4.491     0.0     0.2     0.0  
  17.319    0.000     0.0     0.0     0.0  