   x        G       Nxy      Nx      Ny          Upper
   0.000   0.000     0.0     0.0     0.0
   0.000   8.826     3.8   -10.7     2.4
   0.876   8.826     3.8   -10.7     2.4
   0.876   0.000     0.0     0.0     0.0
   0.876  10.216     9.8   -15.6    -2.0
   1.582  10.216     9.8   -15.6    -2.0
   1.582   0.000     0.0     0.0     0.0
   1.582  11.606     7.6   -44.5     8.4
   2.473  11.606     7.6   -44.5     8.4
   2.473   0.000     0.0     0.0     0.0
   2.473  16.611    88.5  -125.4   -57.5
   2.676  16.611    88.5  -125.4   -57.5
   2.676   0.000     0.0     0.0     0.0
   2.676  16.422   -17.0   -91.2   -44.7
   2.876  16.422   -17.0   -91.2   -44.7
   2.876   0.000     0.0     0.0     0.0
   2.876  18.001   -38.3  -178.5   -28.3
   4.036  18.001   -38.3  -178.5   -28.3
   4.036   0.000     0.0     0.0     0.0
   4.036  18.001   -44.0  -195.7   -21.7
   5.346  18.001   -44.0  -195.7   -21.7
   5.346   0.000     0.0     0.0     0.0
   5.346  11.360   -58.8  -188.0   -24.3
   5.953  11.360   -58.8  -188.0   -24.3
   5.953   0.000     0.0     0.0     0.0
   5.953  10.886   -52.2  -162.4   -24.4
   7.170  10.886   -52.2  -162.4   -24.4
   7.170   0.000     0.0     0.0     0.0
   7.170  10.412   -44.9  -138.3   -19.6
   8.385  10.412   -44.9  -138.3   -19.6
   8.385   0.000     0.0     0.0     0.0
   8.385  10.096   -38.9  -119.8   -16.3
   9.308  10.096   -38.9  -119.8   -16.3
   9.308   0.000     0.0     0.0     0.0
   9.308   9.780   -32.7   -98.3   -14.0
  10.371   9.780   -32.7   -98.3   -14.0
  10.371   0.000     0.0     0.0     0.0
  10.371   9.306   -24.7   -77.6   -10.1
  11.425   9.306   -24.7   -77.6   -10.1
  11.425   0.000     0.0     0.0     0.0
  11.425   6.990   -15.0   -47.0    -6.3
  12.924   6.990   -15.0   -47.0    -6.3
  12.924   0.000     0.0     0.0     0.0
  12.924   6.200    -6.4   -21.2    -3.3
  14.414   6.200    -6.4   -21.2    -3.3
  14.414   0.000     0.0     0.0     0.0
  14.414   5.568    -1.7    -6.6    -0.6
  15.913   5.568    -1.7    -6.6    -0.6
  15.913   0.000     0.0     0.0     0.0
  15.913   5.568     0.1     0.2     0.2
  17.402   5.568     0.1     0.2     0.2
  17.402   0.000     0.0     0.0     0.0