2.3496	0.07303
2.35	0.07321
2.4493	0.084236
2.4493	0.0839
2.45	0.08196
2.45	0.084353
2.45	0.084437
2.45	0.084003
2.4501	0.084343
2.4501	0.084403
2.4504	0.082092
2.4505	0.082008
2.5499	0.10337
2.55	0.098148
2.55	0.097265
2.55	0.103369
2.55	0.097175
2.5504	0.098097
2.6499	0.111927
2.6499	0.112131
2.6499	0.112459
2.6501	0.111952
2.6501	0.112165
2.6501	0.113085
2.6501	0.112422
2.6505	0.113196
2.7936	0.13053
2.7937	0.13713
2.7938	0.130515
2.7939	0.137178
2.8143	0.134899
2.8143	0.134893
2.8144	0.134912
2.8144	0.13489
2.9374	0.165867
2.9374	0.148291
2.9376	0.165944
2.9376	0.148273
2.9786	0.158969
2.9786	0.159014
2.9788	0.158998
2.9788	0.159025
3.0812	0.181897
3.0812	0.168638
3.0814	0.168618
3.0815	0.181938
3.143	0.184197
3.143	0.184216
3.1432	0.184232
3.1432	0.184231
3.225	0.193384
3.2251	0.207825
3.2252	0.193373
3.2253	0.207872
3.3074	0.210457
3.3074	0.210476
3.3075	0.210483
3.3075	0.210481
3.3689	0.230648
3.3689	0.21761
3.369	0.217583
3.3691	0.230691
3.4717	0.237726
3.4717	0.237736
3.4719	0.237766
3.4719	0.23776
3.5127	0.243518
3.5128	0.253217
3.5129	0.243518
3.513	0.253261
3.6361	0.265978
3.6361	0.265995
3.6363	0.266017
3.6363	0.266021
3.6565	0.270452
3.6567	0.270459
3.6567	0.276173
3.6569	0.276238
3.8003	0.296471
3.8005	0.296484
3.8005	0.295199
3.8005	0.295205
3.8006	0.295211
3.8006	0.295214
3.8006	0.293986
3.8008	0.293991
3.9447	0.322248
3.9449	0.322273
3.9449	0.331207
3.9451	0.331282
3.9629	0.32489
3.9629	0.324898
3.9631	0.324919
3.9631	0.32492
4.0891	0.346553
4.0892	0.365628
4.0893	0.346569
4.0894	0.365721
4.1253	0.355483
4.1254	0.355508
4.1255	0.355521
4.1255	0.355513
4.2335	0.375185
4.2336	0.383216
4.2337	0.375204
4.2338	0.383259
4.2878	0.38707
4.2878	0.387061
4.288	0.387103
4.288	0.387089
4.3779	0.412791
4.3779	0.405081
4.3781	0.405101
4.3782	0.412862
4.4502	0.419611
4.4502	0.419606
4.4504	0.419656
4.4504	0.419645
4.5223	0.440301
4.5223	0.434548
4.5225	0.440346
4.5225	0.434566
4.6127	0.453224
4.6127	0.453212
4.6129	0.453269
4.6129	0.453255
4.6667	0.469738
4.6667	0.46583
4.6669	0.469786
4.6669	0.465854
4.7751	0.487873
4.7751	0.48787
4.7753	0.487919
4.7753	0.487914
4.8111	0.496005
4.8111	0.498004
4.8112	0.500308
4.8113	0.49803
4.8114	0.500361
4.9376	0.523642
4.9376	0.523652
4.9378	0.523692
4.9378	0.523695
4.9555	0.530505
4.9555	0.532484
4.9556	0.531254
4.9557	0.530558
4.9557	0.532517
4.9558	0.531328
5.1001	0.562937
5.1001	0.558164
5.1001	0.560592
5.1002	0.560616
5.1002	0.560594
5.1002	0.563004
5.1003	0.558196
5.1003	0.560637
5.2499	0.596136
5.25	0.596166
5.25	0.596186
5.25	0.600608
5.25	0.602648
5.25	0.596893
5.25	0.600603
5.2502	0.596961
5.2503	0.596298
5.2504	0.602809
5.3997	0.632853
5.3998	0.632876
5.3998	0.632874
5.3999	0.636664
5.3999	0.63758
5.3999	0.633571
5.3999	0.636675
5.4001	0.633632
5.4001	0.632982
5.4002	0.637716
5.5495	0.670639
5.5496	0.670668
5.5496	0.670677
5.5497	0.670607
5.5498	0.675458
5.5498	0.675237
5.5498	0.675458
5.5499	0.670781
5.55	0.670696
5.5501	0.675367
5.6993	0.709499
5.6994	0.709522
5.6994	0.709526
5.6995	0.706755
5.6997	0.709622
5.6998	0.706827
5.6999	0.712785
5.7002	0.71292
5.8495	0.749328
5.8496	0.74936
5.8496	0.749364
5.8496	0.748374
5.8498	0.755507
5.8498	0.753901
5.8498	0.755496
5.8499	0.748467
5.8499	0.749445
5.8501	0.754007
5.9997	0.790151
5.9998	0.790173
5.9998	0.79017
5.9998	0.789602
5.9998	0.796957
5.9999	0.796975
5.9999	0.795769
6	0.789661
6.0001	0.790254
6.0002	0.795884
6.1499	0.83124
6.1499	0.831922
6.1499	0.842791
6.15	0.831949
6.15	0.831951
6.15	0.842845
6.15	0.84412
6.1501	0.8313
6.1503	0.832012
6.1503	0.844192
6.3	0.874686
6.3001	0.876865
6.3002	0.874736
6.3002	0.874729
6.3003	0.876928
6.3005	0.874796
6.4502	0.920855
6.4504	0.920916
6.4504	0.918496
6.4504	0.918491
6.4504	0.918487
6.4508	0.918586
6.6004	0.965256
6.6006	0.965314
6.6006	0.96319
6.6006	0.963186
6.6006	0.963186
6.601	0.963282
6.7506	1.009541
6.7508	1.008804
6.7508	1.008809
6.7508	1.009614
6.7508	1.008792
6.7512	1.00892
6.9009	1.055321
6.901	1.055349
6.901	1.055349
6.9011	1.059714
6.9013	1.055421
6.9014	1.059813
7.0506	1.10268
7.0508	1.102752
7.0508	1.102841
7.0509	1.10288
7.0509	1.102881
7.0509	1.106632
7.0512	1.106741
7.0513	1.102996
7.2004	1.152742
7.2006	1.152808
7.2007	1.155196
7.2008	1.151516
7.2009	1.151553
7.2009	1.151546
7.2011	1.15533
7.2012	1.151621
7.3503	1.202877
7.3505	1.202942
7.3506	1.206111
7.3507	1.201233
7.3508	1.201271
7.3508	1.201267
7.351	1.20624
7.3511	1.201339
7.5002	1.253946
7.5004	1.254012
7.5005	1.257038
7.5006	1.252021
7.5007	1.252059
7.5007	1.252052
7.5009	1.257165
7.501	1.252123
7.6502	1.305385
7.6504	1.305451
7.6505	1.308766
7.6506	1.303895
7.6507	1.303935
7.6507	1.303933
7.6508	1.308859
7.651	1.304005
7.8001	1.357356
7.8004	1.357455
7.8005	1.361293
7.8005	1.356778
7.8006	1.356818
7.8006	1.356814
7.8008	1.361391
7.8009	1.356889
7.9502	1.409799
7.9504	1.409875
7.9504	1.410683
7.9505	1.410729
7.9505	1.410731
7.9505	1.415693
7.9508	1.410807
7.9508	1.415795
8.1004	1.465652
8.1005	1.465689
8.1005	1.465688
8.1005	1.470975
8.1008	1.465758
8.1008	1.471064
8.2519	1.520652
8.2521	1.520727
8.2521	1.522236
8.2522	1.52228
8.2522	1.522277
8.2522	1.527332
8.2525	1.522358
8.2525	1.527437
8.4036	1.579157
8.4038	1.579228
8.4038	1.585259
8.4038	1.580007
8.4039	1.580053
8.4039	1.580051
8.4042	1.580127
8.4042	1.585396
8.5553	1.638425
8.5555	1.638497
8.5556	1.644928
8.5556	1.638996
8.5557	1.639042
8.5557	1.639035
8.5559	1.645023
8.556	1.639109
8.707	1.697795
8.7073	1.697905
8.7073	1.704654
8.7073	1.699106
8.7074	1.699152
8.7074	1.699149
8.7076	1.70475
8.7077	1.699223
8.8588	1.758256
8.859	1.758337
8.859	1.760357
8.8591	1.760408
8.8591	1.760407
8.8591	1.76577
8.8594	1.760483
8.8594	1.76587
9.0108	1.822784
9.0109	1.822828
9.0109	1.822831
9.0109	1.828825
9.0112	1.822901
9.0112	1.828913
9.1607	1.892459
9.1607	1.88551
9.1608	1.885558
9.1608	1.885552
9.1611	1.885624
9.1611	1.892586
9.3106	1.956196
9.3106	1.949476
9.3107	1.949523
9.3107	1.949518
9.3109	1.956279
9.311	1.949589
9.4603	2.012796
9.4604	2.021063
9.4605	2.014681
9.4606	2.01473
9.4606	2.014724
9.4608	2.021188
9.4609	2.014795
9.6102	2.07943
9.6103	2.087235
9.6104	2.081127
9.6105	2.081177
9.6105	2.081169
9.6107	2.087363
9.6108	2.08124
9.7602	2.147176
9.7603	2.153812
9.7603	2.148798
9.7604	2.148845
9.7604	2.148839
9.7606	2.153884
9.7607	2.148901
9.9101	2.215276
9.9102	2.223519
9.9102	2.217657
9.9103	2.217716
9.9103	2.21772
9.9106	2.217788
9.9106	2.223649
10.0601	2.287752
10.0602	2.287794
10.0602	2.287785
10.0603	2.294768
10.0605	2.287852
10.0606	2.294839
10.2087	2.355548
10.2087	2.358414
10.2088	2.35847
10.2088	2.358469
10.2088	2.364877
10.2091	2.35854
10.2091	2.364964
10.3573	2.428351
10.3573	2.437182
10.3574	2.43057
10.3575	2.430624
10.3575	2.430617
10.3576	2.437258
10.3577	2.430632
10.5059	2.503035
10.5059	2.511259
10.506	2.504075
10.5061	2.50413
10.5061	2.504121
10.5062	2.511322
10.5064	2.504175
10.6545	2.58577
10.6546	2.577848
10.6546	2.578952
10.6547	2.579009
10.6547	2.579002
10.6548	2.585824
10.655	2.579051
10.8031	2.661576
10.8032	2.655193
10.8033	2.653563
10.8033	2.655249
10.8033	2.655241
10.8034	2.661626
10.8036	2.655287
10.9518	2.739295
10.9519	2.732824
10.952	2.730362
10.952	2.732893
10.952	2.732894
10.9521	2.739338
10.9523	2.732934
11.1005	2.819505
11.1005	2.811814
11.1006	2.811864
11.1006	2.811852
11.1008	2.819535
11.1009	2.811903
11.2473	2.898804
11.2476	2.888165
11.2476	2.898856
11.2638	2.900084
11.2639	2.90015
11.2639	2.900138
11.2642	2.900196
11.3942	2.980028
11.3944	2.971333
11.3945	2.980081
11.4271	2.990364
11.4272	2.990426
11.4272	2.990413
11.4274	2.990406
11.5411	3.062488
11.5413	3.0554
11.5414	3.062542
11.5904	3.082582
11.5905	3.082641
11.5905	3.08263
11.5907	3.082623
11.688	3.14652
11.6881	3.140854
11.6883	3.146575
11.7537	3.176682
11.7538	3.176742
11.7538	3.176732
11.754	3.176731
11.8349	3.226379
11.835	3.232078
11.8351	3.226462
11.8353	3.232131
11.917	3.272613
11.9171	3.272673
11.9171	3.272663
11.9173	3.272658
11.9818	3.313192
11.982	3.31327
11.982	3.318929
11.9823	3.31898
12.0803	3.370308
12.0804	3.370369
12.0804	3.370359
12.0806	3.37035
12.1288	3.400737
12.129	3.400814
12.129	3.407804
12.1293	3.407848
12.2435	3.469647
12.2437	3.46977
12.2437	3.469759
12.2439	3.469748
12.2759	3.48888
12.276	3.497497
12.2761	3.488955
12.2764	3.497598
12.4068	3.570682
12.4069	3.570752
12.4069	3.570742
12.4072	3.570793
12.4229	3.577693
12.4231	3.577783
12.4231	3.588811
12.4234	3.588848
12.5701	3.673313
12.5702	3.673366
12.5702	3.673351
12.5702	3.681914
12.5705	3.673405
12.5705	3.681939
12.7181	3.776042
12.7184	3.776071
12.7346	3.778235
12.7347	3.7783
12.7347	3.778281
12.735	3.778329
12.866	3.872024
12.8663	3.872057
12.899	3.884774
12.8992	3.884898
12.8992	3.884881
12.8994	3.884872
13.0139	3.9687
13.0142	3.968743
13.0635	3.992988
13.0636	3.993052
13.0636	3.993038
13.0639	3.993095
13.1619	4.066817
13.1622	4.066861
13.2279	4.102673
13.2281	4.102798
13.2281	4.102785
13.2283	4.102786
13.3099	4.166296
13.3102	4.166333
13.3924	4.213878
13.3925	4.213935
13.3925	4.213925
13.3928	4.213984
13.4579	4.267484
13.4582	4.26752
13.5569	4.326435
13.557	4.32649
13.557	4.326479
13.5572	4.326479
13.606	4.37068
13.6062	4.370638
13.7213	4.440205
13.7214	4.440275
13.7214	4.440264
13.7217	4.440312
13.8858	4.555232
13.8859	4.555323
13.8859	4.555313
13.8862	4.555357
14.0502	4.671347
14.0503	4.680094
14.0504	4.671446
14.0504	4.671435
14.0506	4.671444
14.0506	4.680119
14.2147	4.788414
14.2148	4.788494
14.2148	4.788484
14.2151	4.78854
14.3792	4.90649
14.3793	4.906573
14.3793	4.906566
14.3795	4.906542
14.5437	5.025429
14.5437	5.025424
14.5437	5.025421
14.544	5.025473
14.642	5.106285
14.6423	5.106322
14.708	5.14501
14.7082	5.145141
14.7082	5.145137
14.7084	5.145124
14.79	5.214169
14.7902	5.214126
14.8725	5.265425
14.8726	5.265497
14.8726	5.265493
14.8729	5.265551
15.037	5.386452
15.0371	5.386535
15.0371	5.386532
15.0374	5.38659
15.2015	5.508026
15.2016	5.508111
15.2016	5.508107
15.2018	5.508082
15.3659	5.629979
15.366	5.630067
15.366	5.630064
15.3663	5.630112
15.5303	5.752348
15.5304	5.76037
15.5305	5.752463
15.5305	5.752458
15.5307	5.752468
15.5307	5.760391
15.6936	5.87407
15.6938	5.874225
15.6938	5.874221
15.694	5.874205
15.8569	5.99609
15.857	5.996177
15.857	5.996175
15.8573	5.996223
16.020201	6.11833
16.0203	6.118417
16.0203	6.118416
16.020599	6.118475
16.1835	6.240752
16.183599	6.240829
16.183599	6.240829
16.183901	6.240889
16.264799	6.30906
16.2651	6.309096
16.346701	6.363235
16.346901	6.363377
16.346901	6.363378
16.347099	6.363373
16.510099	6.485939
16.510201	6.486024
16.510201	6.486024
16.510401	6.486011
16.6733	6.608586
16.673401	6.608664
16.673401	6.608664
16.6737	6.608725
16.836599	6.731339
16.8367	6.73142
16.8367	6.73142
16.837	6.731478
16.9998	6.854084
17	6.854192
17	6.854191
17	6.861094
17.000099	6.854136
17.000299	6.861124
