2.6495	0.104005
2.6498	0.104207
2.6501	0.104188
2.6501	0.104253
2.7775	0.122755
2.7778	0.122619
2.7781	0.122703
2.7781	0.122644
2.9054	0.142388
2.9057	0.142239
2.906	0.142291
2.906	0.142256
3.0333	0.162984
3.0336	0.162807
3.0339	0.162875
3.0339	0.162824
3.1613	0.184426
3.1616	0.18425
3.1618	0.184292
3.1618	0.18425
3.2892	0.20657
3.2895	0.206422
3.2897	0.206465
3.2897	0.20643
3.4171	0.22945
3.4174	0.229296
3.4177	0.229358
3.4177	0.229325
3.545	0.252947
3.5453	0.252817
3.5456	0.252871
3.5456	0.252851
3.673	0.277035
3.6732	0.276939
3.6735	0.276974
3.6735	0.276979
3.8008	0.30152
3.8012	0.30159
3.8014	0.301639
3.8014	0.301614
3.9308	0.327046
3.9311	0.326984
3.9313	0.326969
3.9313	0.327008
4.0607	0.352872
4.061	0.352768
4.0613	0.352824
4.0613	0.352824
4.1906	0.379188
4.1909	0.379079
4.1912	0.379135
4.1912	0.379135
4.3205	0.406036
4.3209	0.405944
4.3211	0.405986
4.3211	0.40598
4.4505	0.433478
4.4508	0.433367
4.451	0.433411
4.451	0.433404
4.5804	0.461506
4.5807	0.461396
4.581	0.461464
4.581	0.461455
4.7103	0.490172
4.7106	0.490064
4.7109	0.490128
4.7109	0.490123
4.8402	0.519486
4.8406	0.519397
4.8408	0.519445
4.8408	0.519438
4.9701	0.549466
4.9705	0.549399
4.9707	0.549419
4.9707	0.549442
5.1	0.580046
5.1005	0.580094
5.1007	0.580143
5.1007	0.580146
5.2501	0.616862
5.2507	0.616863
5.2508	0.616865
5.2508	0.61689
5.4002	0.654476
5.4008	0.654469
5.4009	0.654486
5.4009	0.654496
5.5503	0.69299
5.5509	0.692981
5.551	0.692984
5.551	0.693003
5.7005	0.732333
5.7011	0.732403
5.7012	0.732426
5.7012	0.732428
5.8338	0.768197
5.8344	0.768183
5.8345	0.768197
5.8345	0.76821
5.9671	0.804725
5.9677	0.804698
5.9678	0.80473
5.9678	0.80473
6.1004	0.842037
6.101	0.841997
6.1011	0.842035
6.1011	0.842024
6.2337	0.880126
6.2343	0.88009
6.2344	0.880121
6.2344	0.880118
6.367	0.919015
6.3676	0.918965
6.3677	0.919009
6.3677	0.918997
6.5003	0.95868
6.5009	0.958643
6.501	0.958678
6.501	0.958672
6.6336	0.999131
6.6342	0.999097
6.6343	0.999131
6.6343	0.999125
6.7669	1.040334
6.7675	1.040316
6.7676	1.040339
6.7676	1.040351
6.9002	1.082215
6.9008	1.082285
6.9009	1.082319
6.9009	1.082314
7.0335	1.124978
7.0341	1.124973
7.0341	1.124999
7.0341	1.124995
7.1667	1.168453
7.1673	1.168437
7.1674	1.168477
7.1674	1.168474
7.3	1.212764
7.3006	1.212749
7.3007	1.212779
7.3007	1.21278
7.4333	1.257908
7.4339	1.25789
7.4339	1.257885
7.4339	1.257882
7.5665	1.303841
7.5671	1.303821
7.5672	1.303866
7.5672	1.303859
7.6998	1.350651
7.7004	1.350634
7.7005	1.350674
7.7005	1.350666
7.8331	1.39827
7.8337	1.398267
7.8337	1.398266
7.8337	1.398264
7.9663	1.446648
7.9669	1.446666
7.967	1.446699
7.967	1.446705
8.0996	1.495811
8.1002	1.495879
8.1002	1.495878
8.1002	1.495883
8.2297	1.544593
8.2303	1.544615
8.2303	1.544641
8.2303	1.54464
8.3597	1.594112
8.3603	1.59413
8.3604	1.594158
8.3604	1.59417
8.4898	1.64448
8.4904	1.644479
8.4905	1.644516
8.4905	1.644521
8.6199	1.695653
8.6205	1.695665
8.6206	1.695697
8.6206	1.695706
8.75	1.747652
8.7506	1.747664
8.7506	1.747667
8.7506	1.747665
8.8801	1.800462
8.8806	1.800443
8.8807	1.800469
8.8807	1.800487
9.0101	1.853954
9.0107	1.854045
9.0108	1.854092
9.0108	1.854093
9.1413	1.908893
9.1419	1.908899
9.1419	1.908923
9.1419	1.90892
9.2724	1.964614
9.273	1.964624
9.2731	1.964658
9.2731	1.964669
9.4036	2.021285
9.4042	2.021286
9.4042	2.021294
9.4042	2.021292
9.5348	2.078871
9.5353	2.078835
9.5354	2.078876
9.5354	2.078882
9.6659	2.137321
9.6665	2.13733
9.6666	2.137377
9.6666	2.137383
9.7971	2.196727
9.7977	2.196735
9.7977	2.196739
9.7977	2.196738
9.9282	2.256949
9.9288	2.256986
9.9289	2.257017
9.9289	2.257035
10.0594	2.318019
10.06	2.318123
10.06	2.318125
10.06	2.318124
10.1896	2.3796
10.1901	2.379594
10.1902	2.379623
10.1902	2.379651
10.3197	2.442015
10.3203	2.442024
10.3203	2.442037
10.3203	2.442034
10.4498	2.505369
10.4504	2.50539
10.4505	2.505429
10.4505	2.50544
10.58	2.56974
10.5806	2.569744
10.5806	2.56975
10.5806	2.569747
10.7101	2.634992
10.7107	2.635016
10.7108	2.635056
10.7108	2.635067
10.8403	2.701236
10.8408	2.701204
10.8409	2.701258
10.8409	2.701264
10.9704	2.768329
10.971	2.768355
10.971	2.768373
10.971	2.768371
11.1006	2.836287
11.1011	2.836338
11.1012	2.836398
11.1012	2.836399
11.2341	2.907051
11.2347	2.907093
11.2347	2.907126
11.2347	2.907115
11.3677	2.978968
11.3683	2.978978
11.3683	2.978992
11.3683	2.978989
11.5013	3.051991
11.5018	3.051951
11.5018	3.051965
11.5018	3.051952
11.6348	3.126107
11.6354	3.126113
11.6354	3.126123
11.6354	3.126111
11.7684	3.201412
11.7689	3.201339
11.769	3.201401
11.769	3.201407
11.9019	3.277761
11.9025	3.277738
11.9025	3.277744
11.9025	3.27773
12.0355	3.355269
12.036	3.355188
12.0361	3.355248
12.0361	3.355258
12.1685	3.433853
12.1693	3.433755
12.1696	3.433872
12.1696	3.433867
12.3023	3.513647
12.303	3.513582
12.3032	3.513613
12.3032	3.513629
12.4363	3.594513
12.4367	3.594334
12.4367	3.594323
12.4368	3.594418
12.5697	3.675922
12.5702	3.676013
12.5703	3.676091
12.5703	3.676082
12.7038	3.759189
12.7046	3.759244
12.7049	3.759401
12.7049	3.759378
12.8386	3.843614
12.8393	3.843597
12.8394	3.843591
12.8394	3.843599
12.9732	3.928936
12.9738	3.928848
12.974	3.928915
12.974	3.928911
13.1077	4.015275
13.1084	4.015235
13.1086	4.015311
13.1086	4.01531
13.2423	4.102738
13.243	4.102697
13.2432	4.102777
13.2432	4.102773
13.3769	4.191234
13.3776	4.191201
13.3777	4.191208
13.3777	4.191204
13.5115	4.280714
13.5122	4.280694
13.5123	4.2807
13.5123	4.280698
13.646	4.371057
13.6467	4.371067
13.6469	4.371141
13.6469	4.371138
13.7806	4.462342
13.7813	4.462377
13.7815	4.462458
13.7815	4.462461
13.9156	4.55465
13.916	4.554523
13.916	4.554514
13.9161	4.554608
14.05	4.647214
14.0506	4.647413
14.0506	4.647408
14.0506	4.647379
14.1842	4.74064
14.1849	4.740715
14.1852	4.740884
14.1852	4.740871
14.3189	4.834726
14.3196	4.83478
14.3198	4.834862
14.3198	4.834867
14.4535	4.929309
14.4542	4.929355
14.4543	4.929376
14.4543	4.929375
14.5881	5.024474
14.5888	5.02452
14.5889	5.024542
14.5889	5.024541
14.7227	5.120176
14.7233	5.120166
14.7235	5.120261
14.7235	5.120258
14.8572	5.216327
14.8579	5.216392
14.8581	5.216487
14.8581	5.216484
14.9918	5.313018
14.9925	5.31308
14.9926	5.313106
14.9926	5.313103
15.1264	5.410131
15.1271	5.410204
15.1272	5.410229
15.1272	5.410227
15.261	5.507618
15.2617	5.50772
15.2618	5.507744
15.2618	5.507743
15.3959	5.605627
15.3964	5.605602
15.3964	5.605599
15.3964	5.605627
15.5302	5.70345
15.5308	5.703588
15.5309	5.703645
15.5309	5.703641
15.6637	5.800895
15.6644	5.801068
15.6645	5.801101
15.6645	5.801104
15.7973	5.898497
15.7979	5.898577
15.798	5.898622
15.798	5.898622
15.9308	5.996163
15.9315	5.996309
15.9316	5.996346
15.9316	5.996345
16.0644	6.09404
16.065001	6.094111
16.0651	6.094149
16.0651	6.094148
16.197901	6.191961
16.198601	6.192105
16.1987	6.192143
16.1987	6.192142
16.331499	6.290046
16.3321	6.29012
16.332199	6.29016
16.332199	6.290158
16.465	6.388121
16.4657	6.388268
16.465799	6.388316
16.465799	6.388314
16.5986	6.486321
16.599199	6.486401
16.5994	6.486521
16.5994	6.486519
16.7321	6.584488
16.7328	6.584645
16.732901	6.584693
16.732901	6.584692
16.8657	6.682758
16.866301	6.682855
16.866501	6.682973
16.866501	6.682973
16.9993	6.780971
16.999901	6.781138
17	6.781213
17	6.78121
